Time in s	CH I in Volt	CH II in Volt	
0.E+0	-3.96E+00	-1.20E-02	
1.E-6	-4.16E+00	-1.80E-02	
2.E-6	-4.36E+00	-2.80E-02	
3.E-6	-4.32E+00	-1.00E-02	
4.E-6	-4.12E+00	-2.00E-02	
5.E-6	-4.24E+00	-2.40E-02	
6.E-6	-4.16E+00	-1.40E-02	
7.E-6	-4.24E+00	-2.00E-02	
8.E-6	-4.20E+00	-1.20E-02	
9.E-6	-3.92E+00	4.00E-03	
1.E-5	-4.08E+00	-2.00E-02	
1.1E-5	-4.40E+00	-8.00E-03	
1.2E-5	-4.36E+00	-1.60E-02	
1.3E-5	-4.12E+00	-1.40E-02	
1.4E-5	-4.16E+00	-2.00E-02	
1.5E-5	-4.32E+00	-1.00E-02	
1.6E-5	-4.04E+00	0.00E+00	
1.7E-5	-4.32E+00	-1.80E-02	
1.8E-5	-4.16E+00	-4.00E-03	
1.9E-5	-4.16E+00	-1.60E-02	
2.E-5	-4.32E+00	0.00E+00	
2.1E-5	-4.24E+00	-4.00E-03	
2.2E-5	-4.40E+00	0.00E+00	
2.3E-5	-4.32E+00	-1.00E-02	
2.4E-5	-4.36E+00	6.00E-03	
2.5E-5	-4.24E+00	-4.00E-03	
2.6E-5	-4.20E+00	0.00E+00	
2.7E-5	-4.16E+00	1.00E-02	
2.8E-5	-4.36E+00	-1.00E-02	
2.9E-5	-4.40E+00	8.00E-03	
3.E-5	-4.32E+00	-2.00E-03	
3.1E-5	-4.12E+00	0.00E+00	
3.2E-5	-4.48E+00	-8.00E-03	
3.3E-5	-4.12E+00	-2.00E-03	
3.4E-5	-4.36E+00	-6.00E-03	
3.5E-5	-4.48E+00	3.60E-02	
3.6E-5	-4.08E+00	-8.00E-03	
3.7E-5	-4.44E+00	1.60E-02	
3.8E-5	-4.24E+00	-6.00E-03	
3.9E-5	-4.24E+00	8.00E-03	
4.E-5	-4.36E+00	-4.00E-03	
4.1E-5	-4.36E+00	0.00E+00	
4.2E-5	-4.08E+00	1.00E-02	
4.3E-5	-4.36E+00	-4.00E-03	
4.4E-5	-4.32E+00	1.80E-02	
4.5E-5	-4.20E+00	6.00E-03	
4.6E-5	-4.32E+00	0.00E+00	
4.7E-5	-4.40E+00	1.20E-02	
4.8E-5	-4.20E+00	2.00E-03	
4.9E-5	-4.44E+00	1.60E-02	
5.E-5	-4.40E+00	0.00E+00	
5.1E-5	-4.44E+00	1.00E-02	
5.2E-5	-4.32E+00	2.40E-02	
5.3E-5	-4.20E+00	6.00E-03	
5.4E-5	-4.32E+00	2.40E-02	
5.5E-5	-4.32E+00	-2.00E-03	
5.6E-5	-4.48E+00	1.00E-02	
5.7E-5	-4.36E+00	1.20E-02	
5.8E-5	-4.32E+00	2.60E-02	
5.9E-5	-4.24E+00	2.80E-02	
6.E-5	-4.16E+00	1.60E-02	
6.1E-5	-4.52E+00	1.80E-02	
6.2E-5	-4.12E+00	2.00E-02	
6.3E-5	-4.32E+00	1.40E-02	
6.4E-5	-4.24E+00	2.20E-02	
6.5E-5	-4.40E+00	3.00E-02	
6.6E-5	-4.24E+00	4.60E-02	
6.7E-5	-4.36E+00	2.20E-02	
6.8E-5	-4.16E+00	3.80E-02	
6.9E-5	-4.20E+00	2.00E-02	
7.E-5	-4.52E+00	6.00E-02	
7.1E-5	-4.36E+00	3.80E-02	
7.2E-5	-4.08E+00	3.80E-02	
7.3E-5	-4.36E+00	4.60E-02	
7.4E-5	-4.24E+00	6.00E-02	
7.5E-5	-4.24E+00	4.00E-02	
7.6E-5	-4.36E+00	3.60E-02	
7.7E-5	-4.40E+00	6.20E-02	
7.8E-5	-4.16E+00	5.00E-02	
7.9E-5	-4.36E+00	4.60E-02	
8.E-5	-4.16E+00	5.20E-02	
8.1E-5	-4.28E+00	5.40E-02	
8.2E-5	-4.28E+00	6.40E-02	
8.3E-5	-4.04E+00	4.20E-02	
8.4E-5	-4.44E+00	5.00E-02	
8.5E-5	-4.40E+00	6.80E-02	
8.6E-5	-4.20E+00	5.00E-02	
8.7E-5	-4.36E+00	8.00E-02	
8.8E-5	-4.32E+00	6.00E-02	
8.9E-5	-4.32E+00	6.60E-02	
9.E-5	-4.24E+00	5.40E-02	
9.1E-5	-4.20E+00	6.20E-02	
9.2E-5	-4.24E+00	7.00E-02	
9.3E-5	-4.40E+00	5.80E-02	
9.4E-5	-4.24E+00	6.40E-02	
9.5E-5	-4.16E+00	6.20E-02	
9.6E-5	-4.16E+00	5.60E-02	
9.7E-5	-4.40E+00	6.80E-02	
9.8E-5	-4.12E+00	4.60E-02	
9.9E-5	-4.40E+00	6.00E-02	
1.E-4	-4.16E+00	6.60E-02	
1.01E-4	-4.36E+00	4.40E-02	
1.02E-4	-4.20E+00	5.80E-02	
1.03E-4	-4.16E+00	3.40E-02	
1.04E-4	-4.40E+00	3.40E-02	
1.05E-4	-4.24E+00	5.00E-02	
1.06E-4	-4.44E+00	3.40E-02	
1.07E-4	-4.28E+00	3.60E-02	
1.08E-4	-4.32E+00	3.40E-02	
1.09E-4	-4.16E+00	3.40E-02	
1.1E-4	-4.20E+00	3.00E-02	
1.11E-4	-4.28E+00	3.60E-02	
1.12E-4	-4.16E+00	3.20E-02	
1.13E-4	-4.16E+00	2.00E-02	
1.14E-4	-4.20E+00	8.00E-03	
1.15E-4	-4.32E+00	2.00E-02	
1.16E-4	-4.28E+00	3.60E-02	
1.17E-4	-4.32E+00	1.80E-02	
1.18E-4	-4.08E+00	3.00E-02	
1.19E-4	-4.28E+00	8.00E-03	
1.2E-4	-4.16E+00	4.20E-02	
1.21E-4	-4.32E+00	1.20E-02	
1.22E-4	-4.08E+00	8.00E-03	
1.23E-4	-4.24E+00	2.40E-02	
1.24E-4	-4.40E+00	2.40E-02	
1.25E-4	-4.00E+00	1.60E-02	
1.26E-4	-4.08E+00	1.00E-02	
1.27E-4	-4.12E+00	1.60E-02	
1.28E-4	-3.92E+00	2.40E-02	
1.29E-4	-4.32E+00	1.80E-02	
1.3E-4	-4.00E+00	3.00E-02	
1.31E-4	-4.24E+00	2.00E-03	
1.32E-4	-4.16E+00	1.80E-02	
1.33E-4	-3.96E+00	1.40E-02	
1.34E-4	-4.20E+00	1.80E-02	
1.35E-4	-4.16E+00	2.80E-02	
1.36E-4	-4.04E+00	1.00E-02	
1.37E-4	-4.04E+00	2.00E-02	
1.38E-4	-4.32E+00	2.40E-02	
1.39E-4	-3.92E+00	2.00E-02	
1.4E-4	-4.04E+00	0.00E+00	
1.41E-4	-4.12E+00	1.40E-02	
1.42E-4	-3.88E+00	2.20E-02	
1.43E-4	-4.16E+00	2.20E-02	
1.44E-4	-4.00E+00	2.20E-02	
1.45E-4	-4.12E+00	2.00E-02	
1.46E-4	-4.12E+00	1.40E-02	
1.47E-4	-3.92E+00	1.60E-02	
1.48E-4	-3.96E+00	1.80E-02	
1.49E-4	-4.04E+00	2.40E-02	
1.5E-4	-4.04E+00	5.40E-02	
1.51E-4	-4.04E+00	3.00E-02	
1.52E-4	-4.04E+00	2.20E-02	
1.53E-4	-4.16E+00	2.80E-02	
1.54E-4	-4.00E+00	2.60E-02	
1.55E-4	-3.92E+00	2.60E-02	
1.56E-4	-4.04E+00	3.80E-02	
1.57E-4	-4.00E+00	2.00E-02	
1.58E-4	-4.20E+00	2.80E-02	
1.59E-4	-3.92E+00	4.20E-02	
1.6E-4	-4.40E+00	3.60E-02	
1.61E-4	-4.20E+00	2.20E-02	
1.62E-4	-3.92E+00	3.60E-02	
1.63E-4	-4.12E+00	2.80E-02	
1.64E-4	-4.16E+00	4.60E-02	
1.65E-4	-4.20E+00	3.00E-02	
1.66E-4	-4.08E+00	5.20E-02	
1.67E-4	-4.12E+00	3.40E-02	
1.68E-4	-4.08E+00	5.20E-02	
1.69E-4	-4.12E+00	4.60E-02	
1.7E-4	-4.40E+00	5.60E-02	
1.71E-4	-4.24E+00	4.20E-02	
1.72E-4	-4.44E+00	5.40E-02	
1.73E-4	-4.24E+00	4.40E-02	
1.74E-4	-4.40E+00	3.80E-02	
1.75E-4	-4.24E+00	4.20E-02	
1.76E-4	-4.32E+00	5.80E-02	
1.77E-4	-4.36E+00	5.60E-02	
1.78E-4	-4.24E+00	5.80E-02	
1.79E-4	-4.60E+00	5.20E-02	
1.8E-4	-4.20E+00	5.40E-02	
1.81E-4	-4.40E+00	5.00E-02	
1.82E-4	-4.52E+00	5.40E-02	
1.83E-4	-4.24E+00	3.40E-02	
1.84E-4	-4.36E+00	6.00E-02	
1.85E-4	-4.52E+00	6.40E-02	
1.86E-4	-4.32E+00	4.60E-02	
1.87E-4	-4.52E+00	5.00E-02	
1.88E-4	-4.40E+00	6.00E-02	
1.89E-4	-4.28E+00	5.00E-02	
1.9E-4	-4.64E+00	4.60E-02	
1.91E-4	-4.32E+00	5.40E-02	
1.92E-4	-4.60E+00	6.20E-02	
1.93E-4	-4.52E+00	5.40E-02	
1.94E-4	-4.68E+00	5.80E-02	
1.95E-4	-4.28E+00	7.00E-02	
1.96E-4	-4.44E+00	4.40E-02	
1.97E-4	-4.28E+00	6.80E-02	
1.98E-4	-4.52E+00	4.60E-02	
1.99E-4	-4.40E+00	6.80E-02	
2.E-4	-4.36E+00	7.40E-02	
2.01E-4	-4.52E+00	3.60E-02	
2.02E-4	-4.52E+00	7.80E-02	
2.03E-4	-4.56E+00	7.40E-02	
2.04E-4	-4.52E+00	6.60E-02	
2.05E-4	-4.40E+00	7.20E-02	
2.06E-4	-4.40E+00	8.80E-02	
2.07E-4	-4.44E+00	6.80E-02	
2.08E-4	-4.60E+00	9.40E-02	
2.09E-4	-4.24E+00	9.20E-02	
2.1E-4	-4.48E+00	7.80E-02	
2.11E-4	-4.36E+00	8.60E-02	
2.12E-4	-4.40E+00	9.20E-02	
2.13E-4	-4.48E+00	9.20E-02	
2.14E-4	-4.52E+00	8.20E-02	
2.15E-4	-4.28E+00	1.02E-01	
2.16E-4	-4.52E+00	1.08E-01	
2.17E-4	-4.52E+00	1.04E-01	
2.18E-4	-4.40E+00	9.40E-02	
2.19E-4	-4.28E+00	1.00E-01	
2.2E-4	-4.44E+00	1.10E-01	
2.21E-4	-4.52E+00	1.18E-01	
2.22E-4	-4.40E+00	1.12E-01	
2.23E-4	-4.44E+00	1.04E-01	
2.24E-4	-4.48E+00	1.18E-01	
2.25E-4	-4.52E+00	1.04E-01	
2.26E-4	-4.28E+00	1.12E-01	
2.27E-4	-4.44E+00	1.30E-01	
2.28E-4	-4.36E+00	1.28E-01	
2.29E-4	-4.56E+00	1.14E-01	
2.3E-4	-4.16E+00	1.24E-01	
2.31E-4	-4.44E+00	1.24E-01	
2.32E-4	-4.44E+00	1.30E-01	
2.33E-4	-4.00E+00	1.26E-01	
2.34E-4	-4.20E+00	1.34E-01	
2.35E-4	-4.48E+00	1.18E-01	
2.36E-4	-4.16E+00	1.34E-01	
2.37E-4	-4.32E+00	1.24E-01	
2.38E-4	-4.44E+00	1.06E-01	
2.39E-4	-4.28E+00	1.14E-01	
2.4E-4	-4.40E+00	1.30E-01	
2.41E-4	-4.48E+00	1.06E-01	
2.42E-4	-4.20E+00	1.06E-01	
2.43E-4	-4.32E+00	1.06E-01	
2.44E-4	-4.32E+00	1.12E-01	
2.45E-4	-4.28E+00	1.04E-01	
2.46E-4	-4.48E+00	1.02E-01	
2.47E-4	-4.12E+00	9.80E-02	
2.48E-4	-4.44E+00	7.80E-02	
2.49E-4	-4.52E+00	9.80E-02	
2.5E-4	-4.08E+00	8.60E-02	
2.51E-4	-4.32E+00	7.20E-02	
2.52E-4	-4.40E+00	7.80E-02	
2.53E-4	-4.24E+00	7.60E-02	
2.54E-4	-4.24E+00	6.60E-02	
2.55E-4	-4.44E+00	6.80E-02	
2.56E-4	-4.12E+00	6.40E-02	
2.57E-4	-4.36E+00	7.80E-02	
2.58E-4	-4.40E+00	7.40E-02	
2.59E-4	-4.20E+00	7.60E-02	
2.6E-4	-4.28E+00	8.00E-02	
2.61E-4	-4.12E+00	6.80E-02	
2.62E-4	-4.28E+00	6.20E-02	
2.63E-4	-4.12E+00	6.40E-02	
2.64E-4	-4.28E+00	5.60E-02	
2.65E-4	-4.36E+00	6.60E-02	
2.66E-4	-4.28E+00	6.60E-02	
2.67E-4	-4.32E+00	7.40E-02	
2.68E-4	-4.28E+00	5.40E-02	
2.69E-4	-4.00E+00	6.80E-02	
2.7E-4	-4.36E+00	5.60E-02	
2.71E-4	-3.96E+00	5.60E-02	
2.72E-4	-4.20E+00	5.40E-02	
2.73E-4	-4.08E+00	7.00E-02	
2.74E-4	-3.92E+00	5.80E-02	
2.75E-4	-4.16E+00	5.40E-02	
2.76E-4	-4.08E+00	5.40E-02	
2.77E-4	-4.20E+00	6.00E-02	
2.78E-4	-3.84E+00	5.40E-02	
2.79E-4	-4.36E+00	6.00E-02	
2.8E-4	-4.04E+00	6.40E-02	
2.81E-4	-3.84E+00	6.20E-02	
2.82E-4	-4.00E+00	6.80E-02	
2.83E-4	-4.16E+00	5.80E-02	
2.84E-4	-3.96E+00	7.40E-02	
2.85E-4	-4.04E+00	7.00E-02	
2.86E-4	-3.96E+00	6.80E-02	
2.87E-4	-3.84E+00	7.00E-02	
2.88E-4	-4.04E+00	7.40E-02	
2.89E-4	-3.84E+00	7.60E-02	
2.9E-4	-3.96E+00	7.60E-02	
2.91E-4	-3.88E+00	6.60E-02	
2.92E-4	-3.72E+00	6.00E-02	
2.93E-4	-3.88E+00	8.00E-02	
2.94E-4	-4.04E+00	7.00E-02	
2.95E-4	-3.64E+00	9.00E-02	
2.96E-4	-4.04E+00	7.40E-02	
2.97E-4	-3.84E+00	8.40E-02	
2.98E-4	-3.80E+00	6.80E-02	
2.99E-4	-3.68E+00	7.60E-02	
3.E-4	-3.84E+00	8.20E-02	
3.01E-4	-3.80E+00	9.40E-02	
3.02E-4	-4.04E+00	9.20E-02	
3.03E-4	-3.96E+00	9.20E-02	
3.04E-4	-3.80E+00	6.60E-02	
3.05E-4	-3.80E+00	1.02E-01	
3.06E-4	-3.92E+00	1.08E-01	
3.07E-4	-4.00E+00	9.20E-02	
3.08E-4	-4.08E+00	1.00E-01	
3.09E-4	-4.12E+00	8.80E-02	
3.1E-4	-4.04E+00	1.08E-01	
3.11E-4	-4.16E+00	9.00E-02	
3.12E-4	-4.24E+00	9.20E-02	
3.13E-4	-3.96E+00	1.08E-01	
3.14E-4	-4.36E+00	1.04E-01	
3.15E-4	-4.16E+00	1.00E-01	
3.16E-4	-4.24E+00	1.10E-01	
3.17E-4	-4.44E+00	1.14E-01	
3.18E-4	-4.40E+00	1.02E-01	
3.19E-4	-4.12E+00	9.80E-02	
3.2E-4	-4.40E+00	1.00E-01	
3.21E-4	-4.28E+00	1.04E-01	
3.22E-4	-4.52E+00	1.02E-01	
3.23E-4	-4.36E+00	1.08E-01	
3.24E-4	-4.52E+00	1.04E-01	
3.25E-4	-4.52E+00	1.06E-01	
3.26E-4	-4.40E+00	9.60E-02	
3.27E-4	-4.44E+00	1.12E-01	
3.28E-4	-4.36E+00	1.16E-01	
3.29E-4	-4.56E+00	9.60E-02	
3.3E-4	-4.68E+00	1.14E-01	
3.31E-4	-4.56E+00	1.10E-01	
3.32E-4	-4.48E+00	1.14E-01	
3.33E-4	-4.68E+00	1.10E-01	
3.34E-4	-4.40E+00	1.10E-01	
3.35E-4	-4.56E+00	1.10E-01	
3.36E-4	-4.76E+00	1.14E-01	
3.37E-4	-4.56E+00	1.16E-01	
3.38E-4	-4.60E+00	1.14E-01	
3.39E-4	-4.56E+00	1.22E-01	
3.4E-4	-4.60E+00	1.08E-01	
3.41E-4	-4.68E+00	1.20E-01	
3.42E-4	-4.52E+00	1.38E-01	
3.43E-4	-4.40E+00	1.34E-01	
3.44E-4	-4.68E+00	1.28E-01	
3.45E-4	-4.68E+00	1.44E-01	
3.46E-4	-4.68E+00	1.22E-01	
3.47E-4	-4.64E+00	1.40E-01	
3.48E-4	-4.56E+00	1.24E-01	
3.49E-4	-4.52E+00	1.36E-01	
3.5E-4	-4.64E+00	1.42E-01	
3.51E-4	-4.44E+00	1.46E-01	
3.52E-4	-4.56E+00	1.54E-01	
3.53E-4	-4.56E+00	1.50E-01	
3.54E-4	-4.52E+00	1.40E-01	
3.55E-4	-4.56E+00	1.60E-01	
3.56E-4	-4.60E+00	1.60E-01	
3.57E-4	-4.64E+00	1.66E-01	
3.58E-4	-4.68E+00	1.72E-01	
3.59E-4	-4.48E+00	1.60E-01	
3.6E-4	-4.44E+00	1.78E-01	
3.61E-4	-4.56E+00	1.56E-01	
3.62E-4	-4.68E+00	1.82E-01	
3.63E-4	-4.32E+00	1.76E-01	
3.64E-4	-4.60E+00	1.68E-01	
3.65E-4	-4.48E+00	1.66E-01	
3.66E-4	-4.44E+00	1.80E-01	
3.67E-4	-4.44E+00	1.82E-01	
3.68E-4	-4.52E+00	1.70E-01	
3.69E-4	-4.36E+00	1.80E-01	
3.7E-4	-4.56E+00	1.68E-01	
3.71E-4	-4.40E+00	1.76E-01	
3.72E-4	-4.52E+00	1.54E-01	
3.73E-4	-4.40E+00	1.64E-01	
3.74E-4	-4.44E+00	1.56E-01	
3.75E-4	-4.44E+00	1.50E-01	
3.76E-4	-4.32E+00	1.34E-01	
3.77E-4	-4.32E+00	1.36E-01	
3.78E-4	-4.24E+00	1.46E-01	
3.79E-4	-4.60E+00	1.22E-01	
3.8E-4	-4.44E+00	1.28E-01	
3.81E-4	-4.24E+00	1.34E-01	
3.82E-4	-4.28E+00	1.28E-01	
3.83E-4	-4.52E+00	1.20E-01	
3.84E-4	-4.00E+00	1.18E-01	
3.85E-4	-4.56E+00	1.28E-01	
3.86E-4	-4.32E+00	1.30E-01	
3.87E-4	-4.20E+00	1.34E-01	
3.88E-4	-4.44E+00	1.14E-01	
3.89E-4	-4.40E+00	1.30E-01	
3.9E-4	-4.40E+00	1.20E-01	
3.91E-4	-4.28E+00	1.22E-01	
3.92E-4	-4.56E+00	1.34E-01	
3.93E-4	-4.24E+00	1.38E-01	
3.94E-4	-4.56E+00	1.16E-01	
3.95E-4	-4.28E+00	1.36E-01	
3.96E-4	-4.36E+00	1.30E-01	
3.97E-4	-4.24E+00	1.36E-01	
3.98E-4	-4.40E+00	1.24E-01	
3.99E-4	-4.24E+00	1.28E-01	
4.E-4	-4.36E+00	1.30E-01	
4.01E-4	-4.32E+00	1.46E-01	
4.02E-4	-4.24E+00	1.22E-01	
4.03E-4	-4.40E+00	1.40E-01	
4.04E-4	-4.20E+00	1.30E-01	
4.05E-4	-4.36E+00	1.40E-01	
4.06E-4	-4.24E+00	1.46E-01	
4.07E-4	-4.24E+00	1.42E-01	
4.08E-4	-4.36E+00	1.38E-01	
4.09E-4	-4.24E+00	1.46E-01	
4.1E-4	-4.28E+00	1.52E-01	
4.11E-4	-3.96E+00	1.48E-01	
4.12E-4	-4.24E+00	1.58E-01	
4.13E-4	-4.08E+00	1.56E-01	
4.14E-4	-4.28E+00	1.54E-01	
4.15E-4	-4.08E+00	1.58E-01	
4.16E-4	-4.04E+00	1.66E-01	
4.17E-4	-4.00E+00	1.74E-01	
4.18E-4	-4.24E+00	1.48E-01	
4.19E-4	-3.80E+00	1.74E-01	
4.2E-4	-4.08E+00	1.64E-01	
4.21E-4	-3.76E+00	1.80E-01	
4.22E-4	-3.96E+00	1.78E-01	
4.23E-4	-3.80E+00	1.78E-01	
4.24E-4	-3.76E+00	1.78E-01	
4.25E-4	-3.88E+00	1.82E-01	
4.26E-4	-3.88E+00	1.90E-01	
4.27E-4	-3.68E+00	1.86E-01	
4.28E-4	-3.72E+00	1.96E-01	
4.29E-4	-3.88E+00	1.90E-01	
4.3E-4	-3.80E+00	1.88E-01	
4.31E-4	-3.60E+00	2.00E-01	
4.32E-4	-3.60E+00	2.06E-01	
4.33E-4	-3.96E+00	2.04E-01	
4.34E-4	-3.28E+00	1.92E-01	
4.35E-4	-3.84E+00	1.88E-01	
4.36E-4	-3.64E+00	2.00E-01	
4.37E-4	-3.60E+00	2.04E-01	
4.38E-4	-3.72E+00	2.00E-01	
4.39E-4	-3.84E+00	2.02E-01	
4.4E-4	-3.68E+00	1.98E-01	
4.41E-4	-3.64E+00	2.10E-01	
4.42E-4	-3.60E+00	2.00E-01	
4.43E-4	-3.60E+00	1.98E-01	
4.44E-4	-3.88E+00	1.86E-01	
4.45E-4	-3.76E+00	1.86E-01	
4.46E-4	-3.76E+00	1.86E-01	
4.47E-4	-3.76E+00	1.78E-01	
4.48E-4	-4.04E+00	1.84E-01	
4.49E-4	-4.00E+00	1.62E-01	
4.5E-4	-4.16E+00	1.70E-01	
4.51E-4	-4.08E+00	1.74E-01	
4.52E-4	-4.16E+00	1.52E-01	
4.53E-4	-4.08E+00	1.60E-01	
4.54E-4	-4.20E+00	1.44E-01	
4.55E-4	-4.28E+00	1.54E-01	
4.56E-4	-4.20E+00	1.62E-01	
4.57E-4	-4.44E+00	1.38E-01	
4.58E-4	-4.44E+00	1.46E-01	
4.59E-4	-4.56E+00	1.28E-01	
4.6E-4	-4.32E+00	1.26E-01	
4.61E-4	-4.40E+00	1.34E-01	
4.62E-4	-4.52E+00	1.34E-01	
4.63E-4	-4.32E+00	1.30E-01	
4.64E-4	-4.72E+00	1.22E-01	
4.65E-4	-4.36E+00	1.40E-01	
4.66E-4	-4.76E+00	1.32E-01	
4.67E-4	-4.52E+00	1.28E-01	
4.68E-4	-4.60E+00	1.12E-01	
4.69E-4	-4.52E+00	1.16E-01	
4.7E-4	-4.68E+00	1.14E-01	
4.71E-4	-4.56E+00	1.20E-01	
4.72E-4	-4.76E+00	1.24E-01	
4.73E-4	-4.68E+00	1.16E-01	
4.74E-4	-4.56E+00	1.08E-01	
4.75E-4	-4.80E+00	1.20E-01	
4.76E-4	-4.60E+00	1.20E-01	
4.77E-4	-4.92E+00	1.12E-01	
4.78E-4	-4.68E+00	1.30E-01	
4.79E-4	-4.92E+00	1.22E-01	
4.8E-4	-4.84E+00	1.12E-01	
4.81E-4	-4.64E+00	1.26E-01	
4.82E-4	-4.64E+00	1.12E-01	
4.83E-4	-5.12E+00	1.14E-01	
4.84E-4	-4.28E+00	1.16E-01	
4.85E-4	-4.72E+00	1.06E-01	
4.86E-4	-4.84E+00	1.28E-01	
4.87E-4	-4.76E+00	9.80E-02	
4.88E-4	-4.64E+00	1.08E-01	
4.89E-4	-4.76E+00	1.28E-01	
4.9E-4	-4.64E+00	1.18E-01	
4.91E-4	-4.64E+00	1.22E-01	
4.92E-4	-4.68E+00	1.08E-01	
4.93E-4	-4.60E+00	1.18E-01	
4.94E-4	-4.60E+00	1.12E-01	
4.95E-4	-4.64E+00	1.12E-01	
4.96E-4	-4.64E+00	1.30E-01	
4.97E-4	-4.72E+00	1.20E-01	
4.98E-4	-4.64E+00	1.34E-01	
4.99E-4	-4.56E+00	1.18E-01	
5.E-4	-4.52E+00	1.30E-01	
5.01E-4	-4.44E+00	1.28E-01	
5.02E-4	-4.64E+00	1.16E-01	
5.03E-4	-4.72E+00	1.20E-01	
5.04E-4	-4.56E+00	1.30E-01	
5.05E-4	-4.52E+00	1.38E-01	
5.06E-4	-4.44E+00	1.32E-01	
5.07E-4	-4.40E+00	1.22E-01	
5.08E-4	-4.72E+00	1.20E-01	
5.09E-4	-4.44E+00	1.30E-01	
5.1E-4	-4.32E+00	1.38E-01	
5.11E-4	-4.52E+00	1.28E-01	
5.12E-4	-4.48E+00	1.32E-01	
5.13E-4	-4.44E+00	1.32E-01	
5.14E-4	-4.52E+00	1.30E-01	
5.15E-4	-4.28E+00	1.22E-01	
5.16E-4	-4.48E+00	1.50E-01	
5.17E-4	-4.36E+00	1.44E-01	
5.18E-4	-4.44E+00	1.26E-01	
5.19E-4	-4.52E+00	1.42E-01	
5.2E-4	-4.40E+00	1.28E-01	
5.21E-4	-4.24E+00	1.50E-01	
5.22E-4	-4.48E+00	1.44E-01	
5.23E-4	-4.44E+00	1.52E-01	
5.24E-4	-4.40E+00	1.46E-01	
5.25E-4	-4.48E+00	1.34E-01	
5.26E-4	-4.36E+00	1.40E-01	
5.27E-4	-4.08E+00	1.34E-01	
5.28E-4	-4.52E+00	1.62E-01	
5.29E-4	-4.40E+00	1.36E-01	
5.3E-4	-4.44E+00	1.36E-01	
5.31E-4	-4.28E+00	1.50E-01	
5.32E-4	-4.24E+00	1.42E-01	
5.33E-4	-4.64E+00	1.46E-01	
5.34E-4	-4.04E+00	1.34E-01	
5.35E-4	-4.40E+00	1.36E-01	
5.36E-4	-4.40E+00	1.56E-01	
5.37E-4	-4.08E+00	1.44E-01	
5.38E-4	-4.32E+00	1.46E-01	
5.39E-4	-4.52E+00	1.50E-01	
5.4E-4	-4.20E+00	1.38E-01	
5.41E-4	-4.28E+00	1.42E-01	
5.42E-4	-4.20E+00	1.48E-01	
5.43E-4	-4.00E+00	1.36E-01	
5.44E-4	-4.28E+00	1.38E-01	
5.45E-4	-4.12E+00	1.44E-01	
5.46E-4	-3.92E+00	1.44E-01	
5.47E-4	-4.28E+00	1.40E-01	
5.48E-4	-3.88E+00	1.38E-01	
5.49E-4	-3.88E+00	1.40E-01	
5.5E-4	-4.04E+00	1.42E-01	
5.51E-4	-3.88E+00	1.44E-01	
5.52E-4	-3.96E+00	1.34E-01	
5.53E-4	-3.80E+00	1.42E-01	
5.54E-4	-3.96E+00	1.46E-01	
5.55E-4	-3.76E+00	1.38E-01	
5.56E-4	-3.68E+00	1.54E-01	
5.57E-4	-3.68E+00	1.54E-01	
5.58E-4	-3.84E+00	1.36E-01	
5.59E-4	-3.76E+00	1.48E-01	
5.6E-4	-3.80E+00	1.62E-01	
5.61E-4	-3.60E+00	1.48E-01	
5.62E-4	-3.56E+00	1.62E-01	
5.63E-4	-3.44E+00	1.76E-01	
5.64E-4	-3.60E+00	1.58E-01	
5.65E-4	-3.44E+00	1.58E-01	
5.66E-4	-3.52E+00	1.68E-01	
5.67E-4	-3.44E+00	1.70E-01	
5.68E-4	-3.40E+00	1.52E-01	
5.69E-4	-3.48E+00	1.50E-01	
5.7E-4	-3.48E+00	1.56E-01	
5.71E-4	-3.36E+00	1.42E-01	
5.72E-4	-3.44E+00	1.50E-01	
5.73E-4	-3.36E+00	1.46E-01	
5.74E-4	-3.40E+00	1.36E-01	
5.75E-4	-3.44E+00	1.34E-01	
5.76E-4	-3.64E+00	1.36E-01	
5.77E-4	-3.64E+00	1.44E-01	
5.78E-4	-3.60E+00	1.38E-01	
5.79E-4	-3.28E+00	1.38E-01	
5.8E-4	-3.96E+00	1.28E-01	
5.81E-4	-3.64E+00	1.40E-01	
5.82E-4	-3.96E+00	1.16E-01	
5.83E-4	-4.00E+00	1.40E-01	
5.84E-4	-3.76E+00	1.18E-01	
5.85E-4	-3.96E+00	1.26E-01	
5.86E-4	-4.20E+00	1.34E-01	
5.87E-4	-4.04E+00	1.16E-01	
5.88E-4	-4.20E+00	1.14E-01	
5.89E-4	-4.16E+00	1.16E-01	
5.9E-4	-4.20E+00	1.10E-01	
5.91E-4	-4.36E+00	1.16E-01	
5.92E-4	-4.32E+00	1.14E-01	
5.93E-4	-4.32E+00	1.08E-01	
5.94E-4	-4.60E+00	1.10E-01	
5.95E-4	-4.56E+00	1.16E-01	
5.96E-4	-4.32E+00	1.14E-01	
5.97E-4	-4.76E+00	1.08E-01	
5.98E-4	-4.68E+00	1.10E-01	
5.99E-4	-4.56E+00	9.80E-02	
6.E-4	-4.32E+00	1.12E-01	
6.01E-4	-2.40E+00	1.14E-01	
6.02E-4	2.40E-01	1.24E-01	
6.03E-4	4.00E-01	8.80E-02	
6.04E-4	-1.20E-01	3.40E-02	
6.05E-4	-8.80E-01	-1.00E-02	
6.06E-4	-1.24E+00	-3.60E-02	
6.07E-4	-1.32E+00	-5.80E-02	
6.08E-4	-1.60E+00	-7.40E-02	
6.09E-4	-1.80E+00	-7.00E-02	
6.1E-4	-1.64E+00	-8.20E-02	
6.11E-4	-1.88E+00	-1.12E-01	
6.12E-4	-1.84E+00	-1.00E-01	
6.13E-4	-2.00E+00	-9.00E-02	
6.14E-4	-1.84E+00	-1.06E-01	
6.15E-4	-1.96E+00	-9.60E-02	
6.16E-4	-1.96E+00	-1.02E-01	
6.17E-4	-1.96E+00	-8.80E-02	
6.18E-4	-1.92E+00	-1.16E-01	
6.19E-4	-1.88E+00	-1.14E-01	
6.2E-4	-1.84E+00	-9.60E-02	
6.21E-4	-2.04E+00	-1.06E-01	
6.22E-4	-2.00E+00	-1.10E-01	
6.23E-4	-2.04E+00	-1.08E-01	
6.24E-4	-2.04E+00	-1.08E-01	
6.25E-4	-2.12E+00	-1.12E-01	
6.26E-4	-2.00E+00	-1.20E-01	
6.27E-4	-1.92E+00	-1.16E-01	
6.28E-4	-1.96E+00	-9.60E-02	
6.29E-4	-2.08E+00	-1.10E-01	
6.3E-4	-2.04E+00	-1.14E-01	
6.31E-4	-2.12E+00	-1.18E-01	
6.32E-4	-1.96E+00	-1.26E-01	
6.33E-4	-2.28E+00	-1.00E-01	
6.34E-4	-1.80E+00	-1.22E-01	
6.35E-4	-2.08E+00	-1.14E-01	
6.36E-4	-2.20E+00	-1.08E-01	
6.37E-4	-1.84E+00	-1.12E-01	
6.38E-4	-1.88E+00	-1.14E-01	
6.39E-4	-2.08E+00	-1.04E-01	
6.4E-4	-1.96E+00	-1.14E-01	
6.41E-4	-2.16E+00	-1.04E-01	
6.42E-4	-2.08E+00	-1.22E-01	
6.43E-4	-1.92E+00	-9.80E-02	
6.44E-4	-2.04E+00	-1.10E-01	
6.45E-4	-2.16E+00	-1.24E-01	
6.46E-4	-1.96E+00	-9.60E-02	
6.47E-4	-2.08E+00	-1.16E-01	
6.48E-4	-2.04E+00	-1.06E-01	
6.49E-4	-1.92E+00	-1.10E-01	
6.5E-4	-2.24E+00	-1.02E-01	
6.51E-4	-2.04E+00	-9.60E-02	
6.52E-4	-2.12E+00	-1.28E-01	
6.53E-4	-1.96E+00	-9.60E-02	
6.54E-4	-2.12E+00	-1.06E-01	
6.55E-4	-2.12E+00	-1.14E-01	
6.56E-4	-2.12E+00	-9.00E-02	
6.57E-4	-2.04E+00	-1.10E-01	
6.58E-4	-2.08E+00	-1.14E-01	
6.59E-4	-2.20E+00	-1.12E-01	
6.6E-4	-1.92E+00	-1.22E-01	
6.61E-4	-2.04E+00	-1.00E-01	
6.62E-4	-2.08E+00	-1.12E-01	
6.63E-4	-2.12E+00	-1.20E-01	
6.64E-4	-2.12E+00	-9.00E-02	
6.65E-4	-2.04E+00	-1.22E-01	
6.66E-4	-2.00E+00	-1.18E-01	
6.67E-4	-2.40E+00	-1.00E-01	
6.68E-4	-2.16E+00	-1.00E-01	
6.69E-4	-2.16E+00	-1.14E-01	
6.7E-4	-1.80E+00	-1.10E-01	
6.71E-4	-2.28E+00	-1.06E-01	
6.72E-4	-2.08E+00	-1.02E-01	
6.73E-4	-2.04E+00	-1.22E-01	
6.74E-4	-2.16E+00	-1.18E-01	
6.75E-4	-2.08E+00	-1.18E-01	
6.76E-4	-2.08E+00	-9.60E-02	
6.77E-4	-2.04E+00	-1.34E-01	
6.78E-4	-2.24E+00	-1.20E-01	
6.79E-4	-1.88E+00	-1.00E-01	
6.8E-4	-2.20E+00	-1.24E-01	
6.81E-4	-2.12E+00	-1.16E-01	
6.82E-4	-2.04E+00	-1.20E-01	
6.83E-4	-2.32E+00	-1.08E-01	
6.84E-4	-1.92E+00	-1.20E-01	
6.85E-4	-2.16E+00	-1.20E-01	
6.86E-4	-2.12E+00	-1.10E-01	
6.87E-4	-2.12E+00	-1.14E-01	
6.88E-4	-2.12E+00	-1.18E-01	
6.89E-4	-2.36E+00	-1.18E-01	
6.9E-4	-2.12E+00	-1.10E-01	
6.91E-4	-2.16E+00	-1.20E-01	
6.92E-4	-2.32E+00	-1.26E-01	
6.93E-4	-1.92E+00	-1.14E-01	
6.94E-4	-1.96E+00	-1.22E-01	
6.95E-4	-2.20E+00	-1.24E-01	
6.96E-4	-2.00E+00	-9.60E-02	
6.97E-4	-2.20E+00	-1.32E-01	
6.98E-4	-2.08E+00	-1.14E-01	
6.99E-4	-2.00E+00	-1.24E-01	
7.E-4	-2.28E+00	-1.18E-01	
7.01E-4	-2.16E+00	-9.80E-02	
7.02E-4	-2.24E+00	-1.40E-01	
7.03E-4	-2.20E+00	-1.06E-01	
7.04E-4	-2.24E+00	-1.14E-01	
7.05E-4	-2.08E+00	-1.18E-01	
7.06E-4	-2.08E+00	-1.12E-01	
7.07E-4	-2.28E+00	-1.30E-01	
7.08E-4	-2.12E+00	-1.30E-01	
7.09E-4	-2.40E+00	-1.06E-01	
7.1E-4	-2.04E+00	-1.32E-01	
7.11E-4	-2.24E+00	-1.10E-01	
7.12E-4	-1.80E+00	-1.18E-01	
7.13E-4	-2.32E+00	-1.22E-01	
7.14E-4	-2.00E+00	-1.20E-01	
7.15E-4	-2.20E+00	-1.20E-01	
7.16E-4	-2.08E+00	-1.16E-01	
7.17E-4	-2.28E+00	-1.28E-01	
7.18E-4	-2.20E+00	-1.08E-01	
7.19E-4	-2.20E+00	-1.20E-01	
7.2E-4	-2.08E+00	-1.20E-01	
7.21E-4	-2.40E+00	-1.18E-01	
7.22E-4	-2.16E+00	-1.16E-01	
7.23E-4	-2.28E+00	-1.32E-01	
7.24E-4	-2.12E+00	-1.10E-01	
7.25E-4	-2.12E+00	-1.28E-01	
7.26E-4	-2.04E+00	-1.12E-01	
7.27E-4	-2.28E+00	-1.34E-01	
7.28E-4	-2.16E+00	-1.40E-01	
7.29E-4	-2.04E+00	-1.02E-01	
7.3E-4	-2.20E+00	-1.36E-01	
7.31E-4	-2.28E+00	-1.06E-01	
7.32E-4	-2.08E+00	-1.22E-01	
7.33E-4	-2.04E+00	-1.28E-01	
7.34E-4	-2.28E+00	-1.22E-01	
7.35E-4	-1.92E+00	-1.28E-01	
7.36E-4	-2.36E+00	-1.22E-01	
7.37E-4	-2.24E+00	-1.12E-01	
7.38E-4	-2.00E+00	-1.24E-01	
7.39E-4	-2.32E+00	-1.16E-01	
7.4E-4	-2.24E+00	-1.12E-01	
7.41E-4	-2.24E+00	-1.28E-01	
7.42E-4	-2.00E+00	-1.32E-01	
7.43E-4	-2.32E+00	-1.14E-01	
7.44E-4	-2.24E+00	-1.12E-01	
7.45E-4	-2.24E+00	-1.24E-01	
7.46E-4	-2.16E+00	-1.10E-01	
7.47E-4	-2.24E+00	-1.30E-01	
7.48E-4	-2.24E+00	-1.12E-01	
7.49E-4	-2.04E+00	-1.30E-01	
7.5E-4	-2.12E+00	-1.14E-01	
7.51E-4	-2.12E+00	-1.14E-01	
7.52E-4	-2.04E+00	-1.28E-01	
7.53E-4	-2.16E+00	-1.20E-01	
7.54E-4	-2.44E+00	-1.26E-01	
7.55E-4	-2.20E+00	-1.30E-01	
7.56E-4	-2.16E+00	-1.28E-01	
7.57E-4	-2.20E+00	-1.22E-01	
7.58E-4	-2.36E+00	-1.30E-01	
7.59E-4	-1.96E+00	-1.18E-01	
7.6E-4	-2.20E+00	-1.32E-01	
7.61E-4	-2.16E+00	-1.18E-01	
7.62E-4	-2.08E+00	-1.22E-01	
7.63E-4	-2.48E+00	-1.24E-01	
7.64E-4	-2.16E+00	-1.24E-01	
7.65E-4	-2.28E+00	-1.20E-01	
7.66E-4	-2.04E+00	-1.32E-01	
7.67E-4	-2.44E+00	-1.16E-01	
7.68E-4	-1.96E+00	-1.14E-01	
7.69E-4	-2.28E+00	-1.38E-01	
7.7E-4	-2.28E+00	-1.22E-01	
7.71E-4	-2.24E+00	-1.16E-01	
7.72E-4	-2.12E+00	-1.24E-01	
7.73E-4	-2.20E+00	-1.28E-01	
7.74E-4	-2.24E+00	-1.14E-01	
7.75E-4	-2.16E+00	-1.40E-01	
7.76E-4	-2.24E+00	-1.26E-01	
7.77E-4	-2.08E+00	-1.32E-01	
7.78E-4	-2.24E+00	-1.32E-01	
7.79E-4	-2.16E+00	-9.20E-02	
7.8E-4	-2.40E+00	-1.28E-01	
7.81E-4	-2.12E+00	-1.32E-01	
7.82E-4	-2.16E+00	-1.24E-01	
7.83E-4	-2.20E+00	-1.28E-01	
7.84E-4	-2.08E+00	-1.24E-01	
7.85E-4	-2.00E+00	-1.22E-01	
7.86E-4	-2.40E+00	-1.22E-01	
7.87E-4	-2.28E+00	-1.16E-01	
7.88E-4	-2.12E+00	-1.24E-01	
7.89E-4	-2.28E+00	-1.26E-01	
7.9E-4	-2.16E+00	-1.30E-01	
7.91E-4	-2.28E+00	-1.38E-01	
7.92E-4	-2.40E+00	-1.16E-01	
7.93E-4	-2.08E+00	-1.18E-01	
7.94E-4	-2.08E+00	-1.12E-01	
7.95E-4	-2.44E+00	-1.16E-01	
7.96E-4	-2.12E+00	-1.28E-01	
7.97E-4	-2.24E+00	-1.32E-01	
7.98E-4	-2.24E+00	-1.06E-01	
7.99E-4	-2.36E+00	-1.34E-01	
8.E-4	-2.16E+00	-1.22E-01	
8.01E-4	-2.32E+00	-1.12E-01	
8.02E-4	-2.28E+00	-1.14E-01	
8.03E-4	-2.16E+00	-1.28E-01	
8.04E-4	-2.40E+00	-1.22E-01	
8.05E-4	-2.12E+00	-1.24E-01	
8.06E-4	-2.36E+00	-1.20E-01	
8.07E-4	-2.16E+00	-1.12E-01	
8.08E-4	-2.48E+00	-1.28E-01	
8.09E-4	-2.28E+00	-1.26E-01	
8.1E-4	-2.32E+00	-1.26E-01	
8.11E-4	-2.20E+00	-1.04E-01	
8.12E-4	-2.56E+00	-1.26E-01	
8.13E-4	-2.44E+00	-1.30E-01	
8.14E-4	-2.16E+00	-1.20E-01	
8.15E-4	-2.56E+00	-1.24E-01	
8.16E-4	-2.24E+00	-1.18E-01	
8.17E-4	-2.60E+00	-1.10E-01	
8.18E-4	-2.32E+00	-1.04E-01	
8.19E-4	-2.40E+00	-1.22E-01	
8.2E-4	-2.36E+00	-1.16E-01	
8.21E-4	-2.52E+00	-1.30E-01	
8.22E-4	-2.44E+00	-1.18E-01	
8.23E-4	-2.24E+00	-1.24E-01	
8.24E-4	-2.32E+00	-1.06E-01	
8.25E-4	-2.52E+00	-1.28E-01	
8.26E-4	-2.48E+00	-1.18E-01	
8.27E-4	-2.44E+00	-1.20E-01	
8.28E-4	-2.44E+00	-1.22E-01	
8.29E-4	-2.12E+00	-1.12E-01	
8.3E-4	-2.48E+00	-1.12E-01	
8.31E-4	-2.52E+00	-1.10E-01	
8.32E-4	-2.40E+00	-1.06E-01	
8.33E-4	-2.48E+00	-1.16E-01	
8.34E-4	-2.52E+00	-1.30E-01	
8.35E-4	-2.48E+00	-1.04E-01	
8.36E-4	-2.36E+00	-1.10E-01	
8.37E-4	-2.60E+00	-9.60E-02	
8.38E-4	-2.28E+00	-1.16E-01	
8.39E-4	-2.52E+00	-1.08E-01	
8.4E-4	-2.48E+00	-1.18E-01	
8.41E-4	-2.68E+00	-1.14E-01	
8.42E-4	-2.48E+00	-1.12E-01	
8.43E-4	-2.56E+00	-1.04E-01	
8.44E-4	-2.48E+00	-1.06E-01	
8.45E-4	-2.68E+00	-1.06E-01	
8.46E-4	-2.48E+00	-1.02E-01	
8.47E-4	-2.52E+00	-1.14E-01	
8.48E-4	-2.64E+00	-1.04E-01	
8.49E-4	-2.64E+00	-1.18E-01	
8.5E-4	-2.48E+00	-1.10E-01	
8.51E-4	-2.60E+00	-1.20E-01	
8.52E-4	-2.68E+00	-1.02E-01	
8.53E-4	-2.60E+00	-1.04E-01	
8.54E-4	-2.88E+00	-1.02E-01	
8.55E-4	-2.24E+00	-1.06E-01	
8.56E-4	-2.56E+00	-9.80E-02	
8.57E-4	-2.64E+00	-1.06E-01	
8.58E-4	-2.80E+00	-1.06E-01	
8.59E-4	-2.60E+00	-1.06E-01	
8.6E-4	-2.72E+00	-9.60E-02	
8.61E-4	-2.64E+00	-9.60E-02	
8.62E-4	-2.52E+00	-1.04E-01	
8.63E-4	-2.84E+00	-1.14E-01	
8.64E-4	-2.44E+00	-9.00E-02	
8.65E-4	-2.72E+00	-1.06E-01	
8.66E-4	-2.44E+00	-1.02E-01	
8.67E-4	-2.76E+00	-1.08E-01	
8.68E-4	-2.96E+00	-1.08E-01	
8.69E-4	-2.68E+00	-1.04E-01	
8.7E-4	-2.68E+00	-1.04E-01	
8.71E-4	-2.68E+00	-1.10E-01	
8.72E-4	-2.68E+00	-1.06E-01	
8.73E-4	-2.80E+00	-1.04E-01	
8.74E-4	-2.72E+00	-8.00E-02	
8.75E-4	-2.80E+00	-1.06E-01	
8.76E-4	-2.88E+00	-9.60E-02	
8.77E-4	-2.56E+00	-1.00E-01	
8.78E-4	-2.76E+00	-1.02E-01	
8.79E-4	-2.72E+00	-9.00E-02	
8.8E-4	-2.92E+00	-1.08E-01	
8.81E-4	-2.76E+00	-1.04E-01	
8.82E-4	-2.60E+00	-9.00E-02	
8.83E-4	-2.80E+00	-1.16E-01	
8.84E-4	-2.88E+00	-8.40E-02	
8.85E-4	-2.68E+00	-8.80E-02	
8.86E-4	-2.92E+00	-1.00E-01	
8.87E-4	-2.80E+00	-8.80E-02	
8.88E-4	-2.72E+00	-9.40E-02	
8.89E-4	-3.00E+00	-9.80E-02	
8.9E-4	-2.88E+00	-8.60E-02	
8.91E-4	-2.68E+00	-1.02E-01	
8.92E-4	-2.88E+00	-9.40E-02	
8.93E-4	-2.88E+00	-9.20E-02	
8.94E-4	-2.84E+00	-8.20E-02	
8.95E-4	-2.96E+00	-9.00E-02	
8.96E-4	-2.80E+00	-8.80E-02	
8.97E-4	-2.80E+00	-8.40E-02	
8.98E-4	-2.88E+00	-7.80E-02	
8.99E-4	-3.04E+00	-9.20E-02	
9.E-4	-2.84E+00	-9.20E-02	
9.01E-4	-2.88E+00	-8.40E-02	
9.02E-4	-2.96E+00	-8.40E-02	
9.03E-4	-3.00E+00	-9.20E-02	
9.04E-4	-2.92E+00	-6.60E-02	
9.05E-4	-3.00E+00	-8.60E-02	
9.06E-4	-2.88E+00	-8.60E-02	
9.07E-4	-2.80E+00	-7.60E-02	
9.08E-4	-2.92E+00	-9.00E-02	
9.09E-4	-3.00E+00	-7.80E-02	
9.1E-4	-3.04E+00	-7.60E-02	
9.11E-4	-2.84E+00	-7.40E-02	
9.12E-4	-3.16E+00	-8.80E-02	
9.13E-4	-3.08E+00	-7.60E-02	
9.14E-4	-2.80E+00	-8.60E-02	
9.15E-4	-3.04E+00	-8.80E-02	
9.16E-4	-2.88E+00	-7.00E-02	
9.17E-4	-3.08E+00	-7.60E-02	
9.18E-4	-2.96E+00	-5.20E-02	
9.19E-4	-3.00E+00	-6.80E-02	
9.2E-4	-2.96E+00	-6.80E-02	
9.21E-4	-3.04E+00	-7.40E-02	
9.22E-4	-3.08E+00	-6.40E-02	
9.23E-4	-3.08E+00	-7.80E-02	
9.24E-4	-3.12E+00	-7.20E-02	
9.25E-4	-2.96E+00	-6.40E-02	
9.26E-4	-3.08E+00	-7.40E-02	
9.27E-4	-3.20E+00	-6.20E-02	
9.28E-4	-3.08E+00	-7.20E-02	
9.29E-4	-3.00E+00	-5.80E-02	
9.3E-4	-3.00E+00	-8.00E-02	
9.31E-4	-3.20E+00	-6.20E-02	
9.32E-4	-3.04E+00	-4.60E-02	
9.33E-4	-3.20E+00	-8.20E-02	
9.34E-4	-3.08E+00	-4.20E-02	
9.35E-4	-3.04E+00	-6.00E-02	
9.36E-4	-3.20E+00	-7.40E-02	
9.37E-4	-3.32E+00	-6.00E-02	
9.38E-4	-3.08E+00	-6.00E-02	
9.39E-4	-3.12E+00	-6.00E-02	
9.4E-4	-3.24E+00	-6.40E-02	
9.41E-4	-3.16E+00	-5.80E-02	
9.42E-4	-3.08E+00	-7.00E-02	
9.43E-4	-3.20E+00	-6.60E-02	
9.44E-4	-2.96E+00	-6.60E-02	
9.45E-4	-3.20E+00	-7.40E-02	
9.46E-4	-3.16E+00	-6.80E-02	
9.47E-4	-3.24E+00	-5.60E-02	
9.48E-4	-3.32E+00	-5.40E-02	
9.49E-4	-3.28E+00	-6.80E-02	
9.5E-4	-3.08E+00	-8.40E-02	
9.51E-4	-3.24E+00	-5.80E-02	
9.52E-4	-3.16E+00	-5.00E-02	
9.53E-4	-3.16E+00	-8.00E-02	
9.54E-4	-3.16E+00	-6.00E-02	
9.55E-4	-3.28E+00	-7.80E-02	
9.56E-4	-3.28E+00	-6.20E-02	
9.57E-4	-3.12E+00	-7.40E-02	
9.58E-4	-3.28E+00	-8.20E-02	
9.59E-4	-3.36E+00	-7.80E-02	
9.6E-4	-3.24E+00	-7.20E-02	
9.61E-4	-3.40E+00	-7.40E-02	
9.62E-4	-3.32E+00	-7.20E-02	
9.63E-4	-3.40E+00	-6.80E-02	
9.64E-4	-3.16E+00	-6.20E-02	
9.65E-4	-3.40E+00	-7.40E-02	
9.66E-4	-3.36E+00	-6.60E-02	
9.67E-4	-3.36E+00	-7.60E-02	
9.68E-4	-3.16E+00	-6.40E-02	
9.69E-4	-3.44E+00	-8.20E-02	
9.7E-4	-3.44E+00	-8.00E-02	
9.71E-4	-3.28E+00	-7.40E-02	
9.72E-4	-3.28E+00	-6.40E-02	
9.73E-4	-3.48E+00	-7.60E-02	
9.74E-4	-3.24E+00	-7.20E-02	
9.75E-4	-3.28E+00	-9.60E-02	
9.76E-4	-3.56E+00	-6.80E-02	
9.77E-4	-3.44E+00	-7.00E-02	
9.78E-4	-3.40E+00	-6.40E-02	
9.79E-4	-3.32E+00	-7.40E-02	
9.8E-4	-3.24E+00	-6.00E-02	
9.81E-4	-3.60E+00	-9.00E-02	
9.82E-4	-3.52E+00	-7.80E-02	
9.83E-4	-3.44E+00	-8.20E-02	
9.84E-4	-3.44E+00	-7.20E-02	
9.85E-4	-3.44E+00	-7.40E-02	
9.86E-4	-3.40E+00	-7.80E-02	
9.87E-4	-3.64E+00	-5.00E-02	
9.88E-4	-3.36E+00	-7.40E-02	
9.89E-4	-3.40E+00	-8.40E-02	
9.9E-4	-3.44E+00	-6.00E-02	
9.91E-4	-3.52E+00	-7.80E-02	
9.92E-4	-3.48E+00	-7.40E-02	
9.93E-4	-3.64E+00	-6.80E-02	
9.94E-4	-3.44E+00	-7.80E-02	
9.95E-4	-3.48E+00	-6.60E-02	
9.96E-4	-3.72E+00	-6.40E-02	
9.97E-4	-3.36E+00	-6.60E-02	
9.98E-4	-3.68E+00	-8.20E-02	
9.99E-4	-3.68E+00	-6.80E-02	
1.E-3	-3.52E+00	-9.20E-02	
1.001E-3	-3.56E+00	-4.80E-02	
1.002E-3	-3.56E+00	-6.20E-02	
1.003E-3	-3.44E+00	-6.80E-02	
1.004E-3	-3.48E+00	-6.00E-02	
1.005E-3	-3.56E+00	-7.00E-02	
1.006E-3	-3.48E+00	-8.00E-02	
1.007E-3	-3.68E+00	-6.40E-02	
1.008E-3	-3.56E+00	-5.80E-02	
1.009E-3	-3.52E+00	-8.60E-02	
1.01E-3	-3.56E+00	-4.80E-02	
1.011E-3	-3.60E+00	-6.80E-02	
1.012E-3	-3.72E+00	-7.60E-02	
1.013E-3	-3.68E+00	-5.80E-02	
1.014E-3	-3.60E+00	-5.60E-02	
1.015E-3	-3.64E+00	-6.40E-02	
1.016E-3	-3.76E+00	-5.80E-02	
1.017E-3	-3.52E+00	-7.00E-02	
1.018E-3	-3.76E+00	-5.60E-02	
1.019E-3	-3.76E+00	-6.80E-02	
1.02E-3	-3.68E+00	-4.80E-02	
1.021E-3	-3.48E+00	-5.40E-02	
1.022E-3	-3.92E+00	-6.60E-02	
1.023E-3	-3.68E+00	-5.20E-02	
1.024E-3	-3.72E+00	-7.60E-02	
1.025E-3	-3.56E+00	-5.80E-02	
1.026E-3	-3.76E+00	-5.80E-02	
1.027E-3	-3.80E+00	-5.80E-02	
1.028E-3	-3.40E+00	-6.80E-02	
1.029E-3	-3.80E+00	-4.20E-02	
1.03E-3	-3.68E+00	-5.00E-02	
1.031E-3	-3.84E+00	-6.60E-02	
1.032E-3	-3.84E+00	-5.40E-02	
1.033E-3	-3.68E+00	-5.80E-02	
1.034E-3	-3.76E+00	-5.60E-02	
1.035E-3	-3.60E+00	-4.60E-02	
1.036E-3	-3.64E+00	-4.80E-02	
1.037E-3	-4.00E+00	-5.20E-02	
1.038E-3	-3.60E+00	-4.00E-02	
1.039E-3	-4.00E+00	-5.40E-02	
1.04E-3	-3.76E+00	-5.20E-02	
1.041E-3	-3.68E+00	-4.60E-02	
1.042E-3	-3.84E+00	-4.00E-02	
1.043E-3	-3.72E+00	-5.40E-02	
1.044E-3	-3.60E+00	-5.40E-02	
1.045E-3	-3.80E+00	-4.00E-02	
1.046E-3	-3.96E+00	-5.00E-02	
1.047E-3	-3.84E+00	-4.20E-02	
1.048E-3	-3.96E+00	-6.20E-02	
1.049E-3	-3.88E+00	-3.60E-02	
1.05E-3	-3.80E+00	-6.00E-02	
1.051E-3	-3.88E+00	-3.40E-02	
1.052E-3	-3.72E+00	-3.00E-02	
1.053E-3	-4.12E+00	-5.60E-02	
1.054E-3	-3.88E+00	-5.20E-02	
1.055E-3	-3.84E+00	-4.60E-02	
1.056E-3	-3.80E+00	-5.20E-02	
1.057E-3	-3.80E+00	-2.40E-02	
1.058E-3	-4.04E+00	-4.00E-02	
1.059E-3	-4.04E+00	-5.00E-02	
1.06E-3	-4.08E+00	-3.00E-02	
1.061E-3	-3.92E+00	-4.40E-02	
1.062E-3	-3.92E+00	-3.60E-02	
1.063E-3	-3.80E+00	-5.60E-02	
1.064E-3	-3.88E+00	-4.20E-02	
1.065E-3	-4.00E+00	-4.00E-02	
1.066E-3	-4.00E+00	-2.80E-02	
1.067E-3	-3.84E+00	-3.20E-02	
1.068E-3	-3.96E+00	-5.20E-02	
1.069E-3	-3.80E+00	-2.00E-02	
1.07E-3	-4.12E+00	-3.80E-02	
1.071E-3	-3.84E+00	-3.00E-02	
1.072E-3	-4.04E+00	-2.80E-02	
1.073E-3	-3.88E+00	-2.40E-02	
1.074E-3	-4.24E+00	-3.80E-02	
1.075E-3	-3.76E+00	-2.00E-02	
1.076E-3	-4.16E+00	-2.40E-02	
1.077E-3	-4.16E+00	-3.20E-02	
1.078E-3	-4.16E+00	-2.20E-02	
1.079E-3	-4.08E+00	-2.80E-02	
1.08E-3	-3.88E+00	-1.80E-02	
1.081E-3	-4.20E+00	-2.60E-02	
1.082E-3	-3.88E+00	-2.20E-02	
1.083E-3	-3.84E+00	-2.80E-02	
1.084E-3	-4.00E+00	-1.20E-02	
1.085E-3	-3.92E+00	-2.40E-02	
1.086E-3	-3.96E+00	-1.20E-02	
1.087E-3	-4.20E+00	-1.00E-02	
1.088E-3	-4.24E+00	-1.60E-02	
1.089E-3	-4.00E+00	-1.20E-02	
1.09E-3	-4.12E+00	-1.00E-02	
1.091E-3	-4.24E+00	-4.00E-03	
1.092E-3	-4.04E+00	-1.20E-02	
1.093E-3	-4.04E+00	-6.00E-03	
1.094E-3	-4.08E+00	-4.00E-03	
1.095E-3	-4.12E+00	2.00E-03	
1.096E-3	-4.08E+00	-2.60E-02	
1.097E-3	-4.24E+00	1.60E-02	
1.098E-3	-3.96E+00	-4.00E-03	
1.099E-3	-4.28E+00	-2.00E-03	
1.1E-3	-4.04E+00	-1.60E-02	
1.101E-3	-4.16E+00	1.00E-02	
1.102E-3	-4.12E+00	2.00E-03	
1.103E-3	-4.24E+00	-6.00E-03	
1.104E-3	-4.16E+00	-2.00E-03	
1.105E-3	-4.24E+00	0.00E+00	
1.106E-3	-4.12E+00	1.00E-02	
1.107E-3	-4.08E+00	-2.00E-03	
1.108E-3	-4.16E+00	4.00E-03	
1.109E-3	-4.16E+00	8.00E-03	
1.11E-3	-4.20E+00	1.60E-02	
1.111E-3	-4.04E+00	-1.60E-02	
1.112E-3	-4.28E+00	4.00E-03	
1.113E-3	-4.20E+00	1.20E-02	
1.114E-3	-4.08E+00	6.00E-03	
1.115E-3	-4.20E+00	2.00E-03	
1.116E-3	-4.20E+00	-4.00E-03	
1.117E-3	-4.12E+00	-1.20E-02	
1.118E-3	-4.32E+00	-6.00E-03	
1.119E-3	-4.28E+00	-6.00E-03	
1.12E-3	-4.20E+00	-4.00E-03	
1.121E-3	-3.96E+00	-1.20E-02	
1.122E-3	-4.32E+00	-3.00E-02	
1.123E-3	-4.08E+00	-2.00E-03	
1.124E-3	-4.28E+00	-2.60E-02	
1.125E-3	-4.12E+00	-1.60E-02	
1.126E-3	-4.28E+00	-2.40E-02	
1.127E-3	-4.08E+00	-1.00E-02	
1.128E-3	-4.48E+00	-2.60E-02	
1.129E-3	-4.40E+00	-8.00E-03	
1.13E-3	-4.12E+00	-1.00E-02	
1.131E-3	-4.48E+00	-3.40E-02	
1.132E-3	-4.08E+00	-3.40E-02	
1.133E-3	-4.20E+00	-2.60E-02	
1.134E-3	-4.24E+00	-2.00E-02	
1.135E-3	-4.40E+00	-2.20E-02	
1.136E-3	-4.04E+00	-3.60E-02	
1.137E-3	-4.24E+00	-3.20E-02	
1.138E-3	-4.28E+00	-1.80E-02	
1.139E-3	-4.12E+00	-2.40E-02	
1.14E-3	-4.24E+00	-2.20E-02	
1.141E-3	-4.20E+00	-2.40E-02	
1.142E-3	-4.20E+00	-2.80E-02	
1.143E-3	-4.32E+00	-3.00E-02	
1.144E-3	-4.28E+00	-3.40E-02	
1.145E-3	-4.08E+00	-2.00E-02	
1.146E-3	-4.32E+00	-2.20E-02	
1.147E-3	-4.12E+00	-1.80E-02	
1.148E-3	-4.20E+00	-3.40E-02	
1.149E-3	-4.28E+00	-1.80E-02	
1.15E-3	-4.12E+00	-4.20E-02	
1.151E-3	-4.12E+00	-1.00E-02	
1.152E-3	-4.12E+00	-3.80E-02	
1.153E-3	-4.36E+00	-2.20E-02	
1.154E-3	-4.08E+00	-3.20E-02	
1.155E-3	-4.32E+00	-2.60E-02	
1.156E-3	-4.12E+00	-3.60E-02	
1.157E-3	-4.28E+00	-2.20E-02	
1.158E-3	-4.28E+00	-2.20E-02	
1.159E-3	-4.44E+00	-3.80E-02	
1.16E-3	-3.92E+00	-1.80E-02	
1.161E-3	-4.24E+00	-3.40E-02	
1.162E-3	-4.00E+00	-1.00E-02	
1.163E-3	-3.92E+00	-2.40E-02	
1.164E-3	-4.28E+00	-1.40E-02	
1.165E-3	-4.32E+00	-2.80E-02	
1.166E-3	-4.40E+00	-2.80E-02	
1.167E-3	-4.28E+00	-2.40E-02	
1.168E-3	-4.36E+00	-1.40E-02	
1.169E-3	-4.28E+00	-8.00E-03	
1.17E-3	-4.24E+00	-3.20E-02	
1.171E-3	-4.12E+00	-1.80E-02	
1.172E-3	-4.44E+00	-1.00E-02	
1.173E-3	-3.88E+00	0.00E+00	
1.174E-3	-4.44E+00	-2.60E-02	
1.175E-3	-4.08E+00	-4.00E-03	
1.176E-3	-4.24E+00	-2.20E-02	
1.177E-3	-4.20E+00	-1.40E-02	
1.178E-3	-4.08E+00	-3.00E-02	
1.179E-3	-4.20E+00	-1.40E-02	
1.18E-3	-3.96E+00	-4.00E-03	
1.181E-3	-4.32E+00	-1.20E-02	
1.182E-3	-4.24E+00	-1.40E-02	
1.183E-3	-4.28E+00	-1.20E-02	
1.184E-3	-4.00E+00	-6.00E-03	
1.185E-3	-4.36E+00	-4.00E-03	
1.186E-3	-4.28E+00	-8.00E-03	
1.187E-3	-4.44E+00	-6.00E-03	
1.188E-3	-4.00E+00	-6.00E-03	
1.189E-3	-4.20E+00	-1.40E-02	
1.19E-3	-4.44E+00	-2.00E-03	
1.191E-3	-4.16E+00	-8.00E-03	
1.192E-3	-4.20E+00	-8.00E-03	
1.193E-3	-4.20E+00	-4.00E-03	
1.194E-3	-4.32E+00	1.20E-02	
1.195E-3	-4.28E+00	-2.00E-03	
1.196E-3	-4.52E+00	-1.80E-02	
1.197E-3	-4.44E+00	1.60E-02	
1.198E-3	-4.16E+00	-2.00E-03	
1.199E-3	-4.16E+00	2.00E-03	
1.2E-3	-4.20E+00	-1.20E-02	
1.201E-3	-4.36E+00	1.60E-02	
1.202E-3	-4.40E+00	0.00E+00	
1.203E-3	-4.24E+00	0.00E+00	
1.204E-3	-4.32E+00	-2.00E-03	
1.205E-3	-4.40E+00	1.00E-02	
1.206E-3	-4.28E+00	-8.00E-03	
1.207E-3	-4.44E+00	6.00E-03	
1.208E-3	-4.28E+00	1.20E-02	
1.209E-3	-4.28E+00	0.00E+00	
1.21E-3	-4.36E+00	-8.00E-03	
1.211E-3	-4.36E+00	-6.00E-03	
1.212E-3	-4.12E+00	2.20E-02	
1.213E-3	-4.40E+00	-4.00E-03	
1.214E-3	-4.20E+00	8.00E-03	
1.215E-3	-4.24E+00	1.80E-02	
1.216E-3	-4.48E+00	4.00E-03	
1.217E-3	-4.00E+00	1.60E-02	
1.218E-3	-4.40E+00	1.00E-02	
1.219E-3	-4.28E+00	1.80E-02	
1.22E-3	-4.28E+00	2.00E-03	
1.221E-3	-4.40E+00	4.00E-03	
1.222E-3	-4.40E+00	1.80E-02	
1.223E-3	-4.32E+00	2.20E-02	
1.224E-3	-4.48E+00	0.00E+00	
1.225E-3	-4.24E+00	2.60E-02	
1.226E-3	-4.24E+00	1.00E-02	
1.227E-3	-4.40E+00	1.60E-02	
1.228E-3	-4.40E+00	1.20E-02	
1.229E-3	-4.36E+00	1.60E-02	
1.23E-3	-4.08E+00	3.60E-02	
1.231E-3	-4.24E+00	1.60E-02	
1.232E-3	-4.44E+00	3.40E-02	
1.233E-3	-4.28E+00	3.20E-02	
1.234E-3	-4.44E+00	2.80E-02	
1.235E-3	-4.36E+00	3.20E-02	
1.236E-3	-4.12E+00	3.60E-02	
1.237E-3	-4.28E+00	4.60E-02	
1.238E-3	-4.32E+00	5.60E-02	
1.239E-3	-4.32E+00	3.80E-02	
1.24E-3	-4.44E+00	4.60E-02	
1.241E-3	-4.44E+00	4.60E-02	
1.242E-3	-4.28E+00	3.60E-02	
1.243E-3	-4.08E+00	3.40E-02	
1.244E-3	-4.40E+00	6.40E-02	
1.245E-3	-4.32E+00	5.40E-02	
1.246E-3	-4.12E+00	5.40E-02	
1.247E-3	-4.32E+00	5.20E-02	
1.248E-3	-4.32E+00	6.20E-02	
1.249E-3	-4.36E+00	6.20E-02	
1.25E-3	-4.40E+00	5.60E-02	
1.251E-3	-4.08E+00	5.40E-02	
1.252E-3	-4.36E+00	5.40E-02	
1.253E-3	-4.44E+00	7.20E-02	
1.254E-3	-4.32E+00	5.00E-02	
1.255E-3	-4.12E+00	6.40E-02	
1.256E-3	-4.32E+00	5.60E-02	
1.257E-3	-4.24E+00	7.20E-02	
1.258E-3	-4.28E+00	7.20E-02	
1.259E-3	-4.24E+00	4.80E-02	
1.26E-3	-4.20E+00	7.00E-02	
1.261E-3	-4.28E+00	5.00E-02	
1.262E-3	-4.28E+00	6.00E-02	
1.263E-3	-4.32E+00	6.20E-02	
1.264E-3	-4.36E+00	6.60E-02	
1.265E-3	-4.00E+00	6.40E-02	
1.266E-3	-4.48E+00	4.60E-02	
1.267E-3	-4.24E+00	4.40E-02	
1.268E-3	-4.40E+00	4.80E-02	
1.269E-3	-4.12E+00	5.60E-02	
1.27E-3	-4.32E+00	3.80E-02	
1.271E-3	-4.28E+00	5.60E-02	
1.272E-3	-4.44E+00	3.60E-02	
1.273E-3	-4.08E+00	3.80E-02	
1.274E-3	-4.32E+00	2.80E-02	
1.275E-3	-4.24E+00	4.80E-02	
1.276E-3	-4.36E+00	1.60E-02	
1.277E-3	-4.28E+00	3.20E-02	
1.278E-3	-4.24E+00	2.40E-02	
1.279E-3	-4.20E+00	2.80E-02	
1.28E-3	-4.28E+00	3.80E-02	
1.281E-3	-4.28E+00	1.80E-02	
1.282E-3	-4.32E+00	2.00E-02	
1.283E-3	-4.12E+00	3.60E-02	
1.284E-3	-4.36E+00	2.40E-02	
1.285E-3	-4.40E+00	1.00E-02	
1.286E-3	-3.84E+00	1.80E-02	
1.287E-3	-4.32E+00	1.00E-02	
1.288E-3	-4.20E+00	2.80E-02	
1.289E-3	-4.16E+00	2.00E-02	
1.29E-3	-4.36E+00	8.00E-03	
1.291E-3	-4.28E+00	1.60E-02	
1.292E-3	-4.20E+00	1.80E-02	
1.293E-3	-4.12E+00	2.20E-02	
1.294E-3	-4.24E+00	1.00E-02	
1.295E-3	-3.96E+00	1.00E-02	
1.296E-3	-4.24E+00	2.20E-02	
1.297E-3	-4.20E+00	2.20E-02	
1.298E-3	-4.08E+00	8.00E-03	
1.299E-3	-4.12E+00	1.40E-02	
1.3E-3	-4.04E+00	2.60E-02	
1.301E-3	-4.08E+00	1.40E-02	
1.302E-3	-4.12E+00	2.00E-02	
1.303E-3	-4.04E+00	1.40E-02	
1.304E-3	-4.12E+00	1.40E-02	
1.305E-3	-4.20E+00	2.40E-02	
1.306E-3	-3.92E+00	2.20E-02	
1.307E-3	-4.04E+00	4.00E-03	
1.308E-3	-4.04E+00	2.60E-02	
1.309E-3	-4.20E+00	1.80E-02	
1.31E-3	-4.00E+00	2.20E-02	
1.311E-3	-4.12E+00	1.20E-02	
1.312E-3	-3.84E+00	4.00E-02	
1.313E-3	-3.88E+00	1.80E-02	
1.314E-3	-4.16E+00	1.20E-02	
1.315E-3	-3.92E+00	2.00E-02	
1.316E-3	-4.08E+00	1.60E-02	
1.317E-3	-4.04E+00	3.00E-02	
1.318E-3	-4.16E+00	3.40E-02	
1.319E-3	-4.00E+00	3.40E-02	
1.32E-3	-4.04E+00	2.60E-02	
1.321E-3	-4.04E+00	1.80E-02	
1.322E-3	-4.12E+00	2.60E-02	
1.323E-3	-4.08E+00	2.60E-02	
1.324E-3	-4.08E+00	4.40E-02	
1.325E-3	-4.08E+00	3.00E-02	
1.326E-3	-4.08E+00	4.20E-02	
1.327E-3	-4.24E+00	1.80E-02	
1.328E-3	-3.92E+00	3.20E-02	
1.329E-3	-4.24E+00	3.60E-02	
1.33E-3	-3.96E+00	5.60E-02	
1.331E-3	-4.20E+00	3.40E-02	
1.332E-3	-4.32E+00	3.20E-02	
1.333E-3	-4.12E+00	4.80E-02	
1.334E-3	-4.20E+00	3.40E-02	
1.335E-3	-4.12E+00	3.40E-02	
1.336E-3	-4.00E+00	2.60E-02	
1.337E-3	-4.52E+00	4.40E-02	
1.338E-3	-4.24E+00	5.80E-02	
1.339E-3	-4.08E+00	4.80E-02	
1.34E-3	-4.24E+00	4.20E-02	
1.341E-3	-4.44E+00	6.00E-02	
1.342E-3	-4.40E+00	4.60E-02	
1.343E-3	-4.28E+00	4.20E-02	
1.344E-3	-4.32E+00	5.00E-02	
1.345E-3	-4.16E+00	5.20E-02	
1.346E-3	-4.40E+00	3.60E-02	
1.347E-3	-4.44E+00	5.80E-02	
1.348E-3	-4.24E+00	4.60E-02	
1.349E-3	-4.32E+00	4.60E-02	
1.35E-3	-4.44E+00	5.20E-02	
1.351E-3	-4.48E+00	4.20E-02	
1.352E-3	-4.32E+00	5.00E-02	
1.353E-3	-4.44E+00	6.40E-02	
1.354E-3	-4.16E+00	5.00E-02	
1.355E-3	-4.68E+00	5.20E-02	
1.356E-3	-4.32E+00	4.80E-02	
1.357E-3	-4.56E+00	4.60E-02	
1.358E-3	-4.36E+00	5.20E-02	
1.359E-3	-4.60E+00	6.40E-02	
1.36E-3	-4.36E+00	4.60E-02	
1.361E-3	-4.32E+00	6.00E-02	
1.362E-3	-4.40E+00	6.00E-02	
1.363E-3	-4.40E+00	5.80E-02	
1.364E-3	-4.60E+00	6.20E-02	
1.365E-3	-4.40E+00	6.20E-02	
1.366E-3	-4.44E+00	4.80E-02	
1.367E-3	-4.48E+00	6.40E-02	
1.368E-3	-4.60E+00	7.20E-02	
1.369E-3	-4.36E+00	6.60E-02	
1.37E-3	-4.68E+00	6.00E-02	
1.371E-3	-4.60E+00	6.00E-02	
1.372E-3	-4.48E+00	6.80E-02	
1.373E-3	-4.52E+00	8.00E-02	
1.374E-3	-4.52E+00	5.40E-02	
1.375E-3	-4.32E+00	9.60E-02	
1.376E-3	-4.32E+00	6.40E-02	
1.377E-3	-4.56E+00	7.80E-02	
1.378E-3	-4.28E+00	8.20E-02	
1.379E-3	-4.48E+00	8.60E-02	
1.38E-3	-4.48E+00	9.40E-02	
1.381E-3	-4.44E+00	9.60E-02	
1.382E-3	-4.48E+00	7.40E-02	
1.383E-3	-4.44E+00	1.04E-01	
1.384E-3	-4.52E+00	9.20E-02	
1.385E-3	-4.40E+00	1.14E-01	
1.386E-3	-4.28E+00	1.08E-01	
1.387E-3	-4.44E+00	9.60E-02	
1.388E-3	-4.52E+00	1.14E-01	
1.389E-3	-4.24E+00	9.60E-02	
1.39E-3	-4.44E+00	1.12E-01	
1.391E-3	-4.36E+00	1.14E-01	
1.392E-3	-4.36E+00	1.04E-01	
1.393E-3	-4.36E+00	1.22E-01	
1.394E-3	-4.32E+00	1.14E-01	
1.395E-3	-4.28E+00	1.24E-01	
1.396E-3	-4.60E+00	1.36E-01	
1.397E-3	-4.36E+00	1.20E-01	
1.398E-3	-4.24E+00	1.24E-01	
1.399E-3	-4.52E+00	1.16E-01	
1.4E-3	-4.40E+00	1.32E-01	
1.401E-3	-4.12E+00	1.20E-01	
1.402E-3	-4.48E+00	1.28E-01	
1.403E-3	-4.48E+00	1.36E-01	
1.404E-3	-4.32E+00	1.10E-01	
1.405E-3	-4.32E+00	1.24E-01	
1.406E-3	-4.32E+00	1.26E-01	
1.407E-3	-4.16E+00	1.22E-01	
1.408E-3	-4.32E+00	1.10E-01	
1.409E-3	-4.36E+00	1.18E-01	
1.41E-3	-4.32E+00	1.08E-01	
1.411E-3	-4.36E+00	9.80E-02	
1.412E-3	-4.32E+00	1.02E-01	
1.413E-3	-4.44E+00	9.20E-02	
1.414E-3	-4.32E+00	9.60E-02	
1.415E-3	-4.16E+00	1.04E-01	
1.416E-3	-4.36E+00	8.40E-02	
1.417E-3	-4.36E+00	8.40E-02	
1.418E-3	-4.44E+00	8.40E-02	
1.419E-3	-4.28E+00	8.40E-02	
1.42E-3	-4.40E+00	8.80E-02	
1.421E-3	-4.40E+00	7.00E-02	
1.422E-3	-4.24E+00	8.40E-02	
1.423E-3	-4.48E+00	6.60E-02	
1.424E-3	-4.20E+00	6.80E-02	
1.425E-3	-4.32E+00	7.40E-02	
1.426E-3	-4.28E+00	6.60E-02	
1.427E-3	-4.36E+00	7.40E-02	
1.428E-3	-4.28E+00	7.20E-02	
1.429E-3	-4.28E+00	6.00E-02	
1.43E-3	-4.56E+00	6.40E-02	
1.431E-3	-4.12E+00	6.00E-02	
1.432E-3	-4.40E+00	5.80E-02	
1.433E-3	-4.16E+00	7.40E-02	
1.434E-3	-4.04E+00	5.60E-02	
1.435E-3	-4.40E+00	7.00E-02	
1.436E-3	-3.92E+00	5.40E-02	
1.437E-3	-4.24E+00	6.00E-02	
1.438E-3	-4.36E+00	6.80E-02	
1.439E-3	-4.08E+00	6.20E-02	
1.44E-3	-4.24E+00	7.20E-02	
1.441E-3	-4.24E+00	5.60E-02	
1.442E-3	-4.12E+00	7.60E-02	
1.443E-3	-4.08E+00	6.20E-02	
1.444E-3	-4.20E+00	6.40E-02	
1.445E-3	-3.76E+00	5.80E-02	
1.446E-3	-4.12E+00	4.80E-02	
1.447E-3	-4.08E+00	5.60E-02	
1.448E-3	-3.88E+00	7.40E-02	
1.449E-3	-4.08E+00	5.20E-02	
1.45E-3	-4.08E+00	7.00E-02	
1.451E-3	-4.00E+00	4.60E-02	
1.452E-3	-3.92E+00	7.60E-02	
1.453E-3	-4.04E+00	7.80E-02	
1.454E-3	-4.04E+00	5.80E-02	
1.455E-3	-3.88E+00	7.20E-02	
1.456E-3	-3.76E+00	5.80E-02	
1.457E-3	-3.92E+00	6.20E-02	
1.458E-3	-3.80E+00	7.20E-02	
1.459E-3	-3.84E+00	6.60E-02	
1.46E-3	-3.96E+00	7.60E-02	
1.461E-3	-3.88E+00	8.40E-02	
1.462E-3	-3.76E+00	8.40E-02	
1.463E-3	-3.84E+00	8.20E-02	
1.464E-3	-3.96E+00	8.00E-02	
1.465E-3	-3.84E+00	7.60E-02	
1.466E-3	-3.80E+00	7.80E-02	
1.467E-3	-3.76E+00	7.80E-02	
1.468E-3	-3.88E+00	8.20E-02	
1.469E-3	-3.80E+00	8.20E-02	
1.47E-3	-3.80E+00	7.80E-02	
1.471E-3	-4.08E+00	9.00E-02	
1.472E-3	-3.76E+00	9.20E-02	
1.473E-3	-3.96E+00	1.00E-01	
1.474E-3	-4.04E+00	9.20E-02	
1.475E-3	-4.24E+00	9.40E-02	
1.476E-3	-3.92E+00	9.20E-02	
1.477E-3	-4.00E+00	8.40E-02	
1.478E-3	-4.08E+00	1.00E-01	
1.479E-3	-4.24E+00	9.40E-02	
1.48E-3	-4.36E+00	9.00E-02	
1.481E-3	-4.04E+00	9.20E-02	
1.482E-3	-4.24E+00	9.80E-02	
1.483E-3	-4.36E+00	1.08E-01	
1.484E-3	-4.44E+00	9.20E-02	
1.485E-3	-4.24E+00	1.14E-01	
1.486E-3	-4.36E+00	9.60E-02	
1.487E-3	-4.08E+00	9.60E-02	
1.488E-3	-4.68E+00	1.00E-01	
1.489E-3	-4.28E+00	1.04E-01	
1.49E-3	-4.44E+00	1.08E-01	
1.491E-3	-4.48E+00	1.10E-01	
1.492E-3	-4.44E+00	1.14E-01	
1.493E-3	-4.56E+00	1.00E-01	
1.494E-3	-4.52E+00	9.60E-02	
1.495E-3	-4.40E+00	1.02E-01	
1.496E-3	-4.48E+00	1.08E-01	
1.497E-3	-4.44E+00	1.04E-01	
1.498E-3	-4.52E+00	1.20E-01	
1.499E-3	-4.52E+00	8.20E-02	
1.5E-3	-4.52E+00	1.26E-01	
1.501E-3	-4.64E+00	1.08E-01	
1.502E-3	-4.52E+00	1.16E-01	
1.503E-3	-4.68E+00	1.18E-01	
1.504E-3	-4.60E+00	1.00E-01	
1.505E-3	-4.44E+00	1.08E-01	
1.506E-3	-4.72E+00	1.16E-01	
1.507E-3	-4.32E+00	1.20E-01	
1.508E-3	-4.72E+00	1.34E-01	
1.509E-3	-4.76E+00	1.16E-01	
1.51E-3	-4.60E+00	1.08E-01	
1.511E-3	-4.68E+00	1.30E-01	
1.512E-3	-4.44E+00	1.30E-01	
1.513E-3	-4.64E+00	1.28E-01	
1.514E-3	-4.56E+00	1.28E-01	
1.515E-3	-4.48E+00	1.32E-01	
1.516E-3	-4.52E+00	1.36E-01	
1.517E-3	-4.60E+00	1.48E-01	
1.518E-3	-4.48E+00	1.32E-01	
1.519E-3	-4.80E+00	1.50E-01	
1.52E-3	-4.68E+00	1.60E-01	
1.521E-3	-4.48E+00	1.52E-01	
1.522E-3	-4.52E+00	1.52E-01	
1.523E-3	-4.72E+00	1.62E-01	
1.524E-3	-4.48E+00	1.54E-01	
1.525E-3	-4.60E+00	1.54E-01	
1.526E-3	-4.52E+00	1.70E-01	
1.527E-3	-4.64E+00	1.58E-01	
1.528E-3	-4.60E+00	1.70E-01	
1.529E-3	-4.32E+00	1.60E-01	
1.53E-3	-4.64E+00	1.70E-01	
1.531E-3	-4.52E+00	1.74E-01	
1.532E-3	-4.60E+00	1.72E-01	
1.533E-3	-4.40E+00	1.68E-01	
1.534E-3	-4.52E+00	1.78E-01	
1.535E-3	-4.64E+00	1.88E-01	
1.536E-3	-4.44E+00	1.64E-01	
1.537E-3	-4.36E+00	1.66E-01	
1.538E-3	-4.52E+00	1.80E-01	
1.539E-3	-4.44E+00	1.78E-01	
1.54E-3	-4.40E+00	1.60E-01	
1.541E-3	-4.40E+00	1.54E-01	
1.542E-3	-4.44E+00	1.56E-01	
1.543E-3	-4.40E+00	1.50E-01	
1.544E-3	-4.48E+00	1.46E-01	
1.545E-3	-4.36E+00	1.34E-01	
1.546E-3	-4.36E+00	1.28E-01	
1.547E-3	-4.32E+00	1.24E-01	
1.548E-3	-4.36E+00	1.34E-01	
1.549E-3	-4.36E+00	1.10E-01	
1.55E-3	-4.48E+00	1.30E-01	
1.551E-3	-4.32E+00	1.24E-01	
1.552E-3	-4.44E+00	1.30E-01	
1.553E-3	-4.16E+00	1.30E-01	
1.554E-3	-4.40E+00	1.22E-01	
1.555E-3	-4.36E+00	1.18E-01	
1.556E-3	-4.36E+00	1.20E-01	
1.557E-3	-4.20E+00	1.14E-01	
1.558E-3	-4.40E+00	1.38E-01	
1.559E-3	-4.12E+00	1.16E-01	
1.56E-3	-4.40E+00	1.24E-01	
1.561E-3	-4.24E+00	1.18E-01	
1.562E-3	-4.32E+00	1.30E-01	
1.563E-3	-4.32E+00	1.48E-01	
1.564E-3	-4.28E+00	1.28E-01	
1.565E-3	-4.52E+00	1.36E-01	
1.566E-3	-4.32E+00	1.32E-01	
1.567E-3	-4.40E+00	1.24E-01	
1.568E-3	-4.28E+00	1.14E-01	
1.569E-3	-4.48E+00	1.34E-01	
1.57E-3	-4.16E+00	1.30E-01	
1.571E-3	-4.40E+00	1.28E-01	
1.572E-3	-4.32E+00	1.44E-01	
1.573E-3	-4.44E+00	1.32E-01	
1.574E-3	-4.16E+00	1.48E-01	
1.575E-3	-4.40E+00	1.46E-01	
1.576E-3	-4.12E+00	1.56E-01	
1.577E-3	-4.08E+00	1.38E-01	
1.578E-3	-4.32E+00	1.56E-01	
1.579E-3	-4.08E+00	1.40E-01	
1.58E-3	-4.16E+00	1.56E-01	
1.581E-3	-4.00E+00	1.62E-01	
1.582E-3	-4.16E+00	1.52E-01	
1.583E-3	-4.04E+00	1.58E-01	
1.584E-3	-3.84E+00	1.64E-01	
1.585E-3	-4.04E+00	1.76E-01	
1.586E-3	-4.00E+00	1.70E-01	
1.587E-3	-3.76E+00	1.78E-01	
1.588E-3	-3.88E+00	1.64E-01	
1.589E-3	-3.80E+00	1.88E-01	
1.59E-3	-3.92E+00	1.78E-01	
1.591E-3	-3.96E+00	1.86E-01	
1.592E-3	-3.88E+00	1.86E-01	
1.593E-3	-3.76E+00	1.84E-01	
1.594E-3	-3.92E+00	1.92E-01	
1.595E-3	-3.76E+00	1.90E-01	
1.596E-3	-3.76E+00	1.98E-01	
1.597E-3	-3.76E+00	1.84E-01	
1.598E-3	-3.72E+00	2.06E-01	
1.599E-3	-3.64E+00	2.02E-01	
1.6E-3	-3.72E+00	1.98E-01	
1.601E-3	-3.76E+00	1.98E-01	
1.602E-3	-3.48E+00	2.02E-01	
1.603E-3	-3.76E+00	1.92E-01	
1.604E-3	-3.72E+00	2.04E-01	
1.605E-3	-3.56E+00	1.90E-01	
1.606E-3	-3.64E+00	1.96E-01	
1.607E-3	-3.80E+00	1.98E-01	
1.608E-3	-3.56E+00	2.06E-01	
1.609E-3	-3.68E+00	2.04E-01	
1.61E-3	-3.84E+00	1.94E-01	
1.611E-3	-3.92E+00	1.96E-01	
1.612E-3	-3.68E+00	1.84E-01	
1.613E-3	-3.84E+00	1.88E-01	
1.614E-3	-3.80E+00	1.82E-01	
1.615E-3	-3.84E+00	1.84E-01	
1.616E-3	-4.00E+00	1.70E-01	
1.617E-3	-4.12E+00	1.74E-01	
1.618E-3	-3.68E+00	1.68E-01	
1.619E-3	-4.36E+00	1.72E-01	
1.62E-3	-4.00E+00	1.64E-01	
1.621E-3	-4.44E+00	1.42E-01	
1.622E-3	-4.40E+00	1.54E-01	
1.623E-3	-4.24E+00	1.42E-01	
1.624E-3	-4.32E+00	1.48E-01	
1.625E-3	-4.56E+00	1.34E-01	
1.626E-3	-4.20E+00	1.52E-01	
1.627E-3	-4.48E+00	1.24E-01	
1.628E-3	-4.48E+00	1.54E-01	
1.629E-3	-4.40E+00	1.22E-01	
1.63E-3	-4.60E+00	1.30E-01	
1.631E-3	-4.40E+00	1.56E-01	
1.632E-3	-4.60E+00	1.22E-01	
1.633E-3	-4.72E+00	1.28E-01	
1.634E-3	-4.64E+00	1.28E-01	
1.635E-3	-4.68E+00	1.32E-01	
1.636E-3	-4.64E+00	1.18E-01	
1.637E-3	-4.56E+00	1.28E-01	
1.638E-3	-4.68E+00	1.18E-01	
1.639E-3	-4.76E+00	1.30E-01	
1.64E-3	-4.48E+00	1.24E-01	
1.641E-3	-4.68E+00	1.24E-01	
1.642E-3	-4.72E+00	1.20E-01	
1.643E-3	-4.68E+00	1.06E-01	
1.644E-3	-4.84E+00	1.20E-01	
1.645E-3	-4.72E+00	1.12E-01	
1.646E-3	-4.72E+00	1.28E-01	
1.647E-3	-4.68E+00	1.04E-01	
1.648E-3	-4.68E+00	1.26E-01	
1.649E-3	-4.44E+00	1.10E-01	
1.65E-3	-4.84E+00	1.20E-01	
1.651E-3	-4.80E+00	1.06E-01	
1.652E-3	-4.72E+00	1.10E-01	
1.653E-3	-4.72E+00	1.24E-01	
1.654E-3	-4.48E+00	1.18E-01	
1.655E-3	-4.88E+00	1.08E-01	
1.656E-3	-4.80E+00	1.14E-01	
1.657E-3	-4.76E+00	1.22E-01	
1.658E-3	-4.60E+00	1.12E-01	
1.659E-3	-4.72E+00	1.32E-01	
1.66E-3	-4.60E+00	1.10E-01	
1.661E-3	-4.68E+00	1.20E-01	
1.662E-3	-4.68E+00	1.14E-01	
1.663E-3	-4.64E+00	1.42E-01	
1.664E-3	-4.52E+00	1.10E-01	
1.665E-3	-4.80E+00	1.26E-01	
1.666E-3	-4.60E+00	1.28E-01	
1.667E-3	-4.64E+00	1.30E-01	
1.668E-3	-4.56E+00	1.24E-01	
1.669E-3	-4.56E+00	1.30E-01	
1.67E-3	-4.60E+00	1.40E-01	
1.671E-3	-4.52E+00	1.22E-01	
1.672E-3	-4.40E+00	1.26E-01	
1.673E-3	-4.48E+00	1.12E-01	
1.674E-3	-4.40E+00	1.32E-01	
1.675E-3	-4.72E+00	1.18E-01	
1.676E-3	-4.28E+00	1.38E-01	
1.677E-3	-4.44E+00	1.30E-01	
1.678E-3	-4.52E+00	1.30E-01	
1.679E-3	-4.40E+00	1.26E-01	
1.68E-3	-4.40E+00	1.30E-01	
1.681E-3	-4.28E+00	1.38E-01	
1.682E-3	-4.44E+00	1.38E-01	
1.683E-3	-4.56E+00	1.40E-01	
1.684E-3	-4.36E+00	1.34E-01	
1.685E-3	-4.28E+00	1.30E-01	
1.686E-3	-4.60E+00	1.38E-01	
1.687E-3	-4.20E+00	1.40E-01	
1.688E-3	-4.56E+00	1.50E-01	
1.689E-3	-4.40E+00	1.38E-01	
1.69E-3	-4.20E+00	1.34E-01	
1.691E-3	-4.52E+00	1.42E-01	
1.692E-3	-4.52E+00	1.48E-01	
1.693E-3	-4.28E+00	1.44E-01	
1.694E-3	-4.24E+00	1.38E-01	
1.695E-3	-4.36E+00	1.50E-01	
1.696E-3	-4.40E+00	1.36E-01	
1.697E-3	-4.48E+00	1.32E-01	
1.698E-3	-4.52E+00	1.36E-01	
1.699E-3	-4.32E+00	1.56E-01	
1.7E-3	-4.28E+00	1.46E-01	
1.701E-3	-4.48E+00	1.48E-01	
1.702E-3	-4.20E+00	1.42E-01	
1.703E-3	-4.36E+00	1.42E-01	
1.704E-3	-4.36E+00	1.40E-01	
1.705E-3	-4.28E+00	1.46E-01	
1.706E-3	-4.32E+00	1.40E-01	
1.707E-3	-4.32E+00	1.44E-01	
1.708E-3	-4.32E+00	1.46E-01	
1.709E-3	-4.36E+00	1.44E-01	
1.71E-3	-4.20E+00	1.40E-01	
1.711E-3	-4.24E+00	1.30E-01	
1.712E-3	-4.08E+00	1.38E-01	
1.713E-3	-4.00E+00	1.58E-01	
1.714E-3	-4.20E+00	1.36E-01	
1.715E-3	-4.12E+00	1.26E-01	
1.716E-3	-3.92E+00	1.58E-01	
1.717E-3	-3.96E+00	1.30E-01	
1.718E-3	-3.96E+00	1.36E-01	
1.719E-3	-4.04E+00	1.34E-01	
1.72E-3	-3.80E+00	1.44E-01	
1.721E-3	-3.88E+00	1.38E-01	
1.722E-3	-3.92E+00	1.40E-01	
1.723E-3	-3.68E+00	1.46E-01	
1.724E-3	-3.48E+00	1.44E-01	
1.725E-3	-3.80E+00	1.26E-01	
1.726E-3	-3.80E+00	1.54E-01	
1.727E-3	-3.44E+00	1.46E-01	
1.728E-3	-3.64E+00	1.44E-01	
1.729E-3	-3.64E+00	1.48E-01	
1.73E-3	-3.60E+00	1.58E-01	
1.731E-3	-3.40E+00	1.64E-01	
1.732E-3	-3.36E+00	1.62E-01	
1.733E-3	-3.60E+00	1.46E-01	
1.734E-3	-3.28E+00	1.70E-01	
1.735E-3	-3.36E+00	1.56E-01	
1.736E-3	-3.48E+00	1.48E-01	
1.737E-3	-3.32E+00	1.50E-01	
1.738E-3	-3.40E+00	1.56E-01	
1.739E-3	-3.60E+00	1.62E-01	
1.74E-3	-3.48E+00	1.52E-01	
1.741E-3	-3.28E+00	1.32E-01	
1.742E-3	-3.44E+00	1.44E-01	
1.743E-3	-3.40E+00	1.48E-01	
1.744E-3	-3.52E+00	1.34E-01	
1.745E-3	-3.64E+00	1.26E-01	
1.746E-3	-3.72E+00	1.44E-01	
1.747E-3	-3.64E+00	1.24E-01	
1.748E-3	-3.68E+00	1.40E-01	
1.749E-3	-3.84E+00	1.26E-01	
1.75E-3	-3.88E+00	1.16E-01	
1.751E-3	-3.96E+00	1.48E-01	
1.752E-3	-4.00E+00	1.10E-01	
1.753E-3	-4.04E+00	1.08E-01	
1.754E-3	-4.08E+00	1.48E-01	
1.755E-3	-4.32E+00	1.10E-01	
1.756E-3	-4.48E+00	1.14E-01	
1.757E-3	-4.24E+00	1.18E-01	
1.758E-3	-4.40E+00	1.34E-01	
1.759E-3	-4.36E+00	1.08E-01	
1.76E-3	-4.32E+00	1.16E-01	
1.761E-3	-4.56E+00	1.04E-01	
1.762E-3	-4.60E+00	1.16E-01	
1.763E-3	-4.48E+00	1.34E-01	
1.764E-3	-4.52E+00	1.00E-01	
1.765E-3	-4.80E+00	1.16E-01	
1.766E-3	-4.60E+00	1.10E-01	
1.767E-3	-4.60E+00	1.14E-01	
1.768E-3	-2.20E+00	1.06E-01	
1.769E-3	1.20E-01	1.08E-01	
1.77E-3	5.60E-01	1.24E-01	
1.771E-3	0.00E+00	7.80E-02	
1.772E-3	-8.40E-01	3.00E-02	
1.773E-3	-9.60E-01	-2.00E-03	
1.774E-3	-1.52E+00	-3.00E-02	
1.775E-3	-1.52E+00	-5.60E-02	
1.776E-3	-1.72E+00	-6.40E-02	
1.777E-3	-1.84E+00	-8.00E-02	
1.778E-3	-1.96E+00	-8.60E-02	
1.779E-3	-1.84E+00	-8.40E-02	
1.78E-3	-1.84E+00	-9.80E-02	
1.781E-3	-1.92E+00	-9.00E-02	
1.782E-3	-2.00E+00	-1.00E-01	
1.783E-3	-1.92E+00	-1.10E-01	
1.784E-3	-1.96E+00	-9.40E-02	
1.785E-3	-1.92E+00	-1.16E-01	
1.786E-3	-2.12E+00	-9.00E-02	
1.787E-3	-1.88E+00	-1.10E-01	
1.788E-3	-2.00E+00	-1.12E-01	
1.789E-3	-2.08E+00	-9.40E-02	
1.79E-3	-1.88E+00	-1.00E-01	
1.791E-3	-2.04E+00	-1.10E-01	
1.792E-3	-2.08E+00	-1.02E-01	
1.793E-3	-1.96E+00	-1.08E-01	
1.794E-3	-2.08E+00	-1.10E-01	
1.795E-3	-2.20E+00	-1.20E-01	
1.796E-3	-1.96E+00	-1.14E-01	
1.797E-3	-1.76E+00	-1.16E-01	
1.798E-3	-2.04E+00	-1.10E-01	
1.799E-3	-2.12E+00	-9.40E-02	
1.8E-3	-2.04E+00	-1.20E-01	
1.801E-3	-2.12E+00	-1.10E-01	
1.802E-3	-1.72E+00	-1.14E-01	
1.803E-3	-2.00E+00	-1.04E-01	
1.804E-3	-1.92E+00	-9.60E-02	
1.805E-3	-2.08E+00	-1.30E-01	
1.806E-3	-2.20E+00	-1.16E-01	
1.807E-3	-1.96E+00	-1.06E-01	
1.808E-3	-2.16E+00	-1.08E-01	
1.809E-3	-1.96E+00	-1.08E-01	
1.81E-3	-2.20E+00	-1.06E-01	
1.811E-3	-2.16E+00	-1.14E-01	
1.812E-3	-2.08E+00	-1.12E-01	
1.813E-3	-2.16E+00	-1.08E-01	
1.814E-3	-2.16E+00	-1.16E-01	
1.815E-3	-2.16E+00	-1.08E-01	
1.816E-3	-2.00E+00	-1.04E-01	
1.817E-3	-2.12E+00	-1.18E-01	
1.818E-3	-2.16E+00	-1.18E-01	
1.819E-3	-2.04E+00	-1.10E-01	
1.82E-3	-1.96E+00	-1.00E-01	
1.821E-3	-2.12E+00	-1.12E-01	
1.822E-3	-1.96E+00	-1.08E-01	
1.823E-3	-1.96E+00	-1.00E-01	
1.824E-3	-2.08E+00	-1.14E-01	
1.825E-3	-2.20E+00	-1.14E-01	
1.826E-3	-2.00E+00	-1.08E-01	
1.827E-3	-1.96E+00	-9.80E-02	
1.828E-3	-2.12E+00	-1.08E-01	
1.829E-3	-2.24E+00	-1.06E-01	
1.83E-3	-2.12E+00	-1.10E-01	
1.831E-3	-2.24E+00	-1.14E-01	
1.832E-3	-1.92E+00	-1.02E-01	
1.833E-3	-2.48E+00	-1.06E-01	
1.834E-3	-1.84E+00	-1.16E-01	
1.835E-3	-2.04E+00	-1.16E-01	
1.836E-3	-2.32E+00	-1.04E-01	
1.837E-3	-2.00E+00	-1.18E-01	
1.838E-3	-2.24E+00	-1.06E-01	
1.839E-3	-2.28E+00	-1.08E-01	
1.84E-3	-2.00E+00	-1.22E-01	
1.841E-3	-2.08E+00	-1.12E-01	
1.842E-3	-2.12E+00	-1.20E-01	
1.843E-3	-2.08E+00	-1.14E-01	
1.844E-3	-2.28E+00	-1.20E-01	
1.845E-3	-2.04E+00	-1.24E-01	
1.846E-3	-1.92E+00	-9.80E-02	
1.847E-3	-2.24E+00	-1.10E-01	
1.848E-3	-2.12E+00	-1.10E-01	
1.849E-3	-1.96E+00	-1.10E-01	
1.85E-3	-2.20E+00	-1.14E-01	
1.851E-3	-2.08E+00	-1.14E-01	
1.852E-3	-2.12E+00	-1.22E-01	
1.853E-3	-2.12E+00	-1.28E-01	
1.854E-3	-2.16E+00	-1.04E-01	
1.855E-3	-2.12E+00	-1.28E-01	
1.856E-3	-2.00E+00	-1.24E-01	
1.857E-3	-2.20E+00	-1.20E-01	
1.858E-3	-2.20E+00	-1.10E-01	
1.859E-3	-2.12E+00	-1.08E-01	
1.86E-3	-2.28E+00	-1.12E-01	
1.861E-3	-2.04E+00	-1.28E-01	
1.862E-3	-2.28E+00	-1.04E-01	
1.863E-3	-2.04E+00	-1.14E-01	
1.864E-3	-2.16E+00	-1.18E-01	
1.865E-3	-2.00E+00	-1.10E-01	
1.866E-3	-2.00E+00	-1.22E-01	
1.867E-3	-2.36E+00	-1.34E-01	
1.868E-3	-2.04E+00	-1.20E-01	
1.869E-3	-2.12E+00	-1.16E-01	
1.87E-3	-2.24E+00	-1.12E-01	
1.871E-3	-2.28E+00	-1.10E-01	
1.872E-3	-2.16E+00	-1.20E-01	
1.873E-3	-2.08E+00	-1.18E-01	
1.874E-3	-2.20E+00	-1.16E-01	
1.875E-3	-2.16E+00	-1.30E-01	
1.876E-3	-2.28E+00	-1.22E-01	
1.877E-3	-2.00E+00	-1.16E-01	
1.878E-3	-2.40E+00	-1.14E-01	
1.879E-3	-2.16E+00	-1.22E-01	
1.88E-3	-2.28E+00	-1.22E-01	
1.881E-3	-2.04E+00	-1.12E-01	
1.882E-3	-2.04E+00	-1.28E-01	
1.883E-3	-2.36E+00	-1.24E-01	
1.884E-3	-2.24E+00	-1.20E-01	
1.885E-3	-2.04E+00	-1.12E-01	
1.886E-3	-2.16E+00	-1.18E-01	
1.887E-3	-2.00E+00	-1.30E-01	
1.888E-3	-2.16E+00	-1.14E-01	
1.889E-3	-2.20E+00	-1.22E-01	
1.89E-3	-2.00E+00	-1.18E-01	
1.891E-3	-2.20E+00	-1.20E-01	
1.892E-3	-2.40E+00	-1.16E-01	
1.893E-3	-2.12E+00	-1.24E-01	
1.894E-3	-2.24E+00	-1.14E-01	
1.895E-3	-2.20E+00	-1.18E-01	
1.896E-3	-2.16E+00	-1.24E-01	
1.897E-3	-2.04E+00	-1.20E-01	
1.898E-3	-2.28E+00	-1.20E-01	
1.899E-3	-2.20E+00	-1.06E-01	
1.9E-3	-2.08E+00	-1.30E-01	
1.901E-3	-2.28E+00	-1.00E-01	
1.902E-3	-2.04E+00	-1.34E-01	
1.903E-3	-2.08E+00	-1.04E-01	
1.904E-3	-2.32E+00	-1.12E-01	
1.905E-3	-2.24E+00	-1.26E-01	
1.906E-3	-2.32E+00	-1.18E-01	
1.907E-3	-2.32E+00	-1.26E-01	
1.908E-3	-2.04E+00	-1.22E-01	
1.909E-3	-2.16E+00	-1.10E-01	
1.91E-3	-2.20E+00	-1.32E-01	
1.911E-3	-2.12E+00	-1.24E-01	
1.912E-3	-2.36E+00	-1.08E-01	
1.913E-3	-2.28E+00	-1.30E-01	
1.914E-3	-2.20E+00	-1.16E-01	
1.915E-3	-2.04E+00	-1.20E-01	
1.916E-3	-2.28E+00	-1.16E-01	
1.917E-3	-2.16E+00	-1.14E-01	
1.918E-3	-2.40E+00	-1.16E-01	
1.919E-3	-2.08E+00	-1.30E-01	
1.92E-3	-2.16E+00	-1.16E-01	
1.921E-3	-2.28E+00	-1.18E-01	
1.922E-3	-2.16E+00	-1.28E-01	
1.923E-3	-2.16E+00	-1.26E-01	
1.924E-3	-2.08E+00	-1.22E-01	
1.925E-3	-2.24E+00	-1.16E-01	
1.926E-3	-2.20E+00	-1.32E-01	
1.927E-3	-2.00E+00	-1.06E-01	
1.928E-3	-2.20E+00	-1.30E-01	
1.929E-3	-2.24E+00	-1.10E-01	
1.93E-3	-2.08E+00	-1.30E-01	
1.931E-3	-2.40E+00	-1.14E-01	
1.932E-3	-2.16E+00	-1.08E-01	
1.933E-3	-2.28E+00	-1.44E-01	
1.934E-3	-2.32E+00	-1.06E-01	
1.935E-3	-2.04E+00	-1.22E-01	
1.936E-3	-2.08E+00	-1.22E-01	
1.937E-3	-2.16E+00	-1.26E-01	
1.938E-3	-2.16E+00	-1.12E-01	
1.939E-3	-2.36E+00	-1.26E-01	
1.94E-3	-1.92E+00	-1.16E-01	
1.941E-3	-2.40E+00	-1.32E-01	
1.942E-3	-2.32E+00	-1.20E-01	
1.943E-3	-2.00E+00	-1.26E-01	
1.944E-3	-2.24E+00	-1.14E-01	
1.945E-3	-2.32E+00	-1.38E-01	
1.946E-3	-2.28E+00	-1.26E-01	
1.947E-3	-2.08E+00	-1.20E-01	
1.948E-3	-2.28E+00	-1.24E-01	
1.949E-3	-2.24E+00	-1.00E-01	
1.95E-3	-2.24E+00	-1.22E-01	
1.951E-3	-1.96E+00	-1.22E-01	
1.952E-3	-2.32E+00	-1.18E-01	
1.953E-3	-2.24E+00	-1.10E-01	
1.954E-3	-2.12E+00	-1.10E-01	
1.955E-3	-2.40E+00	-1.30E-01	
1.956E-3	-2.20E+00	-1.12E-01	
1.957E-3	-2.20E+00	-1.18E-01	
1.958E-3	-2.04E+00	-1.30E-01	
1.959E-3	-2.24E+00	-1.08E-01	
1.96E-3	-2.12E+00	-1.28E-01	
1.961E-3	-2.36E+00	-1.36E-01	
1.962E-3	-2.40E+00	-1.22E-01	
1.963E-3	-2.24E+00	-1.18E-01	
1.964E-3	-2.32E+00	-1.16E-01	
1.965E-3	-2.16E+00	-1.22E-01	
1.966E-3	-2.28E+00	-1.14E-01	
1.967E-3	-2.12E+00	-1.22E-01	
1.968E-3	-2.48E+00	-1.26E-01	
1.969E-3	-1.96E+00	-1.22E-01	
1.97E-3	-2.40E+00	-1.16E-01	
1.971E-3	-2.28E+00	-1.14E-01	
1.972E-3	-2.24E+00	-1.38E-01	
1.973E-3	-2.40E+00	-1.18E-01	
1.974E-3	-2.44E+00	-1.06E-01	
1.975E-3	-2.16E+00	-1.18E-01	
1.976E-3	-2.40E+00	-1.40E-01	
1.977E-3	-2.40E+00	-9.80E-02	
1.978E-3	-2.40E+00	-1.26E-01	
1.979E-3	-2.52E+00	-1.16E-01	
1.98E-3	-2.28E+00	-1.32E-01	
1.981E-3	-2.44E+00	-1.18E-01	
1.982E-3	-2.16E+00	-1.06E-01	
1.983E-3	-2.40E+00	-1.28E-01	
1.984E-3	-2.24E+00	-1.14E-01	
1.985E-3	-2.36E+00	-1.10E-01	
1.986E-3	-2.48E+00	-1.08E-01	
1.987E-3	-2.28E+00	-1.18E-01	
1.988E-3	-2.32E+00	-1.10E-01	
1.989E-3	-2.36E+00	-1.16E-01	
1.99E-3	-2.32E+00	-1.22E-01	
1.991E-3	-2.40E+00	-1.14E-01	
1.992E-3	-2.64E+00	-1.18E-01	
1.993E-3	-2.24E+00	-1.18E-01	
1.994E-3	-2.44E+00	-1.12E-01	
1.995E-3	-2.32E+00	-1.16E-01	
1.996E-3	-2.32E+00	-1.20E-01	
1.997E-3	-2.48E+00	-1.08E-01	
1.998E-3	-2.60E+00	-1.02E-01	
1.999E-3	-2.52E+00	-1.06E-01	
2.E-3	-2.44E+00	-1.26E-01	
2.001E-3	-2.48E+00	-1.00E-01	
2.002E-3	-2.44E+00	-1.14E-01	
2.003E-3	-2.40E+00	-1.04E-01	
2.004E-3	-2.48E+00	-1.18E-01	
2.005E-3	-2.64E+00	-1.06E-01	
2.006E-3	-2.52E+00	-1.08E-01	
2.007E-3	-2.52E+00	-1.08E-01	
2.008E-3	-2.48E+00	-1.16E-01	
2.009E-3	-2.60E+00	-1.08E-01	
2.01E-3	-2.44E+00	-1.08E-01	
2.011E-3	-2.52E+00	-1.12E-01	
2.012E-3	-2.48E+00	-1.00E-01	
2.013E-3	-2.68E+00	-1.20E-01	
2.014E-3	-2.56E+00	-1.08E-01	
2.015E-3	-2.52E+00	-1.16E-01	
2.016E-3	-2.72E+00	-9.20E-02	
2.017E-3	-2.36E+00	-1.02E-01	
2.018E-3	-2.72E+00	-1.00E-01	
2.019E-3	-2.44E+00	-1.24E-01	
2.02E-3	-2.64E+00	-1.08E-01	
2.021E-3	-2.60E+00	-1.10E-01	
2.022E-3	-2.72E+00	-1.02E-01	
2.023E-3	-2.48E+00	-1.02E-01	
2.024E-3	-2.92E+00	-1.10E-01	
2.025E-3	-2.36E+00	-9.40E-02	
2.026E-3	-2.56E+00	-1.02E-01	
2.027E-3	-2.64E+00	-8.80E-02	
2.028E-3	-2.68E+00	-1.14E-01	
2.029E-3	-2.68E+00	-8.40E-02	
2.03E-3	-2.56E+00	-1.02E-01	
2.031E-3	-2.64E+00	-1.02E-01	
2.032E-3	-2.48E+00	-9.40E-02	
2.033E-3	-2.88E+00	-1.06E-01	
2.034E-3	-2.64E+00	-1.04E-01	
2.035E-3	-2.72E+00	-1.06E-01	
2.036E-3	-2.72E+00	-8.40E-02	
2.037E-3	-2.68E+00	-1.00E-01	
2.038E-3	-2.72E+00	-9.60E-02	
2.039E-3	-2.96E+00	-1.06E-01	
2.04E-3	-2.84E+00	-1.00E-01	
2.041E-3	-2.84E+00	-1.02E-01	
2.042E-3	-2.64E+00	-1.04E-01	
2.043E-3	-2.68E+00	-1.02E-01	
2.044E-3	-2.76E+00	-9.80E-02	
2.045E-3	-2.84E+00	-1.06E-01	
