Time in s	CH I in Volt	CH II in Volt	
0.E+0	2.08E+00	1.04E-02	
2.5E-8	2.08E+00	1.04E-02	
5.E-8	2.08E+00	1.04E-02	
7.5E-8	2.08E+00	1.04E-02	
1.E-7	2.08E+00	1.04E-02	
1.25E-7	2.08E+00	1.04E-02	
1.5E-7	2.08E+00	1.04E-02	
1.75E-7	2.08E+00	1.04E-02	
2.E-7	2.08E+00	1.04E-02	
2.25E-7	2.08E+00	1.12E-02	
2.5E-7	2.08E+00	1.12E-02	
2.75E-7	2.08E+00	1.12E-02	
3.E-7	2.08E+00	1.12E-02	
3.25E-7	2.08E+00	1.12E-02	
3.5E-7	2.08E+00	1.12E-02	
3.75E-7	2.08E+00	1.12E-02	
4.E-7	2.08E+00	1.12E-02	
4.25E-7	2.08E+00	1.12E-02	
4.5E-7	2.08E+00	1.12E-02	
4.75E-7	2.08E+00	1.12E-02	
5.E-7	2.08E+00	1.12E-02	
5.25E-7	2.08E+00	1.20E-02	
5.5E-7	2.08E+00	1.20E-02	
5.75E-7	2.08E+00	1.20E-02	
6.E-7	2.08E+00	1.20E-02	
6.25E-7	2.08E+00	1.20E-02	
6.5E-7	2.08E+00	1.20E-02	
6.75E-7	2.08E+00	1.28E-02	
7.E-7	2.08E+00	1.28E-02	
7.25E-7	2.08E+00	1.28E-02	
7.5E-7	2.08E+00	1.28E-02	
7.75E-7	2.08E+00	1.28E-02	
8.E-7	2.08E+00	1.28E-02	
8.25E-7	2.08E+00	1.28E-02	
8.5E-7	2.08E+00	1.28E-02	
8.75E-7	2.08E+00	1.28E-02	
9.E-7	2.08E+00	1.20E-02	
9.25E-7	2.08E+00	1.20E-02	
9.5E-7	2.08E+00	1.20E-02	
9.75E-7	2.08E+00	1.20E-02	
1.E-6	2.08E+00	1.12E-02	
1.025E-6	2.08E+00	1.12E-02	
1.05E-6	2.08E+00	1.12E-02	
1.075E-6	2.08E+00	1.12E-02	
1.1E-6	2.08E+00	1.12E-02	
1.125E-6	2.08E+00	1.12E-02	
1.15E-6	2.08E+00	1.12E-02	
1.175E-6	2.08E+00	1.12E-02	
1.2E-6	2.08E+00	1.12E-02	
1.225E-6	2.08E+00	1.12E-02	
1.25E-6	2.08E+00	1.12E-02	
1.275E-6	2.08E+00	1.12E-02	
1.3E-6	2.08E+00	1.12E-02	
1.325E-6	2.08E+00	1.12E-02	
1.35E-6	2.08E+00	1.12E-02	
1.375E-6	2.08E+00	1.04E-02	
1.4E-6	2.08E+00	1.04E-02	
1.425E-6	2.08E+00	1.04E-02	
1.45E-6	2.08E+00	1.04E-02	
1.475E-6	2.08E+00	9.60E-03	
1.5E-6	2.08E+00	9.60E-03	
1.525E-6	2.08E+00	9.60E-03	
1.55E-6	2.08E+00	9.60E-03	
1.575E-6	2.08E+00	8.80E-03	
1.6E-6	2.08E+00	8.80E-03	
1.625E-6	2.08E+00	8.80E-03	
1.65E-6	2.08E+00	8.80E-03	
1.675E-6	2.08E+00	8.00E-03	
1.7E-6	2.08E+00	8.00E-03	
1.725E-6	2.08E+00	8.00E-03	
1.75E-6	2.08E+00	8.00E-03	
1.775E-6	2.08E+00	8.00E-03	
1.8E-6	2.08E+00	8.00E-03	
1.825E-6	2.08E+00	8.80E-03	
1.85E-6	2.08E+00	8.80E-03	
1.875E-6	2.08E+00	8.80E-03	
1.9E-6	2.08E+00	8.80E-03	
1.925E-6	2.08E+00	8.80E-03	
1.95E-6	2.08E+00	9.60E-03	
1.975E-6	2.08E+00	9.60E-03	
2.E-6	2.08E+00	9.60E-03	
2.025E-6	2.08E+00	1.04E-02	
2.05E-6	2.08E+00	1.04E-02	
2.075E-6	2.08E+00	1.04E-02	
2.1E-6	2.08E+00	1.04E-02	
2.125E-6	2.08E+00	1.04E-02	
2.15E-6	2.08E+00	1.04E-02	
2.175E-6	2.08E+00	1.04E-02	
2.2E-6	2.08E+00	1.12E-02	
2.225E-6	2.08E+00	1.12E-02	
2.25E-6	2.08E+00	1.12E-02	
2.275E-6	2.08E+00	1.12E-02	
2.3E-6	2.08E+00	1.12E-02	
2.325E-6	2.08E+00	1.12E-02	
2.35E-6	2.08E+00	1.12E-02	
2.375E-6	2.08E+00	1.12E-02	
2.4E-6	2.08E+00	1.20E-02	
2.425E-6	2.08E+00	1.20E-02	
2.45E-6	2.08E+00	1.20E-02	
2.475E-6	2.08E+00	1.20E-02	
2.5E-6	2.08E+00	1.20E-02	
2.525E-6	2.08E+00	1.20E-02	
2.55E-6	2.08E+00	1.20E-02	
2.575E-6	2.08E+00	1.20E-02	
2.6E-6	2.08E+00	1.20E-02	
2.625E-6	2.08E+00	1.20E-02	
2.65E-6	2.08E+00	1.20E-02	
2.675E-6	2.08E+00	1.20E-02	
2.7E-6	2.08E+00	1.20E-02	
2.725E-6	2.08E+00	1.20E-02	
2.75E-6	2.08E+00	1.20E-02	
2.775E-6	2.08E+00	1.12E-02	
2.8E-6	2.08E+00	1.12E-02	
2.825E-6	2.08E+00	1.12E-02	
2.85E-6	2.08E+00	1.12E-02	
2.875E-6	2.08E+00	1.12E-02	
2.9E-6	2.08E+00	1.12E-02	
2.925E-6	2.08E+00	1.12E-02	
2.95E-6	2.08E+00	1.12E-02	
2.975E-6	2.08E+00	1.20E-02	
3.E-6	2.08E+00	1.20E-02	
3.025E-6	2.08E+00	1.20E-02	
3.05E-6	2.08E+00	1.20E-02	
3.075E-6	2.08E+00	1.20E-02	
3.1E-6	2.08E+00	1.28E-02	
3.125E-6	2.08E+00	1.28E-02	
3.15E-6	2.08E+00	1.28E-02	
3.175E-6	2.08E+00	1.28E-02	
3.2E-6	2.08E+00	1.28E-02	
3.225E-6	2.08E+00	1.28E-02	
3.25E-6	2.08E+00	1.20E-02	
3.275E-6	2.08E+00	1.20E-02	
3.3E-6	2.08E+00	1.20E-02	
3.325E-6	2.08E+00	1.20E-02	
3.35E-6	2.08E+00	1.20E-02	
3.375E-6	2.08E+00	1.12E-02	
3.4E-6	2.08E+00	1.12E-02	
3.425E-6	2.08E+00	1.12E-02	
3.45E-6	2.08E+00	1.04E-02	
3.475E-6	2.08E+00	1.04E-02	
3.5E-6	2.08E+00	1.04E-02	
3.525E-6	2.08E+00	9.60E-03	
3.55E-6	2.08E+00	9.60E-03	
3.575E-6	2.08E+00	9.60E-03	
3.6E-6	2.08E+00	9.60E-03	
3.625E-6	2.08E+00	9.60E-03	
3.65E-6	2.08E+00	9.60E-03	
3.675E-6	2.08E+00	9.60E-03	
3.7E-6	2.08E+00	9.60E-03	
3.725E-6	2.08E+00	9.60E-03	
3.75E-6	2.08E+00	9.60E-03	
3.775E-6	2.08E+00	9.60E-03	
3.8E-6	2.08E+00	9.60E-03	
3.825E-6	2.08E+00	1.04E-02	
3.85E-6	2.08E+00	1.04E-02	
3.875E-6	2.08E+00	1.04E-02	
3.9E-6	2.08E+00	1.04E-02	
3.925E-6	2.08E+00	1.04E-02	
3.95E-6	2.08E+00	1.04E-02	
3.975E-6	2.08E+00	1.04E-02	
4.E-6	2.08E+00	1.04E-02	
4.025E-6	2.08E+00	1.04E-02	
4.05E-6	2.08E+00	1.12E-02	
4.075E-6	2.08E+00	1.12E-02	
4.1E-6	2.08E+00	1.12E-02	
4.125E-6	2.08E+00	1.12E-02	
4.15E-6	2.08E+00	1.12E-02	
4.175E-6	2.08E+00	1.12E-02	
4.2E-6	2.08E+00	1.12E-02	
4.225E-6	2.08E+00	1.12E-02	
4.25E-6	2.08E+00	1.12E-02	
4.275E-6	2.08E+00	1.12E-02	
4.3E-6	2.08E+00	1.12E-02	
4.325E-6	2.08E+00	1.12E-02	
4.35E-6	2.08E+00	1.12E-02	
4.375E-6	2.08E+00	1.12E-02	
4.4E-6	2.08E+00	1.12E-02	
4.425E-6	2.08E+00	1.12E-02	
4.45E-6	2.08E+00	1.12E-02	
4.475E-6	2.08E+00	1.12E-02	
4.5E-6	2.08E+00	1.20E-02	
4.525E-6	2.08E+00	1.12E-02	
4.55E-6	2.08E+00	1.12E-02	
4.575E-6	2.08E+00	1.12E-02	
4.6E-6	2.08E+00	1.12E-02	
4.625E-6	2.08E+00	1.12E-02	
4.65E-6	2.08E+00	1.12E-02	
4.675E-6	2.08E+00	1.04E-02	
4.7E-6	2.08E+00	1.04E-02	
4.725E-6	2.08E+00	1.04E-02	
4.75E-6	2.08E+00	9.60E-03	
4.775E-6	2.08E+00	9.60E-03	
4.8E-6	2.08E+00	8.80E-03	
4.825E-6	2.08E+00	8.80E-03	
4.85E-6	2.08E+00	8.80E-03	
4.875E-6	2.08E+00	8.80E-03	
4.9E-6	2.08E+00	8.80E-03	
4.925E-6	2.08E+00	8.80E-03	
4.95E-6	2.08E+00	8.80E-03	
4.975E-6	2.08E+00	8.80E-03	
5.E-6	2.08E+00	8.80E-03	
5.025E-6	2.08E+00	8.80E-03	
5.05E-6	2.08E+00	8.80E-03	
5.075E-6	2.08E+00	8.80E-03	
5.1E-6	2.08E+00	8.80E-03	
5.125E-6	2.08E+00	8.80E-03	
5.15E-6	2.08E+00	9.60E-03	
5.175E-6	2.08E+00	9.60E-03	
5.2E-6	2.08E+00	9.60E-03	
5.225E-6	2.08E+00	1.04E-02	
5.25E-6	2.08E+00	1.04E-02	
5.275E-6	2.08E+00	1.04E-02	
5.3E-6	2.08E+00	1.04E-02	
5.325E-6	2.08E+00	1.12E-02	
5.35E-6	2.08E+00	1.12E-02	
5.375E-6	2.08E+00	1.12E-02	
5.4E-6	2.08E+00	1.12E-02	
5.425E-6	2.08E+00	1.12E-02	
5.45E-6	2.08E+00	1.20E-02	
5.475E-6	2.08E+00	1.20E-02	
5.5E-6	2.08E+00	1.20E-02	
5.525E-6	2.08E+00	1.20E-02	
5.55E-6	2.08E+00	1.20E-02	
5.575E-6	2.08E+00	1.20E-02	
5.6E-6	2.08E+00	1.28E-02	
5.625E-6	2.08E+00	1.28E-02	
5.65E-6	2.08E+00	1.28E-02	
5.675E-6	2.08E+00	1.36E-02	
5.7E-6	2.08E+00	1.36E-02	
5.725E-6	2.08E+00	1.36E-02	
5.75E-6	2.08E+00	1.36E-02	
5.775E-6	2.08E+00	1.36E-02	
5.8E-6	2.08E+00	1.44E-02	
5.825E-6	2.08E+00	1.44E-02	
5.85E-6	2.08E+00	1.44E-02	
5.875E-6	2.08E+00	1.44E-02	
5.9E-6	2.08E+00	1.44E-02	
5.925E-6	2.08E+00	1.44E-02	
5.95E-6	2.08E+00	1.44E-02	
5.975E-6	2.08E+00	1.44E-02	
6.E-6	2.08E+00	1.44E-02	
6.025E-6	2.08E+00	1.44E-02	
6.05E-6	2.08E+00	1.44E-02	
6.075E-6	2.08E+00	1.44E-02	
6.1E-6	2.08E+00	1.36E-02	
6.125E-6	2.08E+00	1.36E-02	
6.15E-6	2.08E+00	1.36E-02	
6.175E-6	2.08E+00	1.36E-02	
6.2E-6	2.08E+00	1.28E-02	
6.225E-6	2.08E+00	1.28E-02	
6.25E-6	2.08E+00	1.28E-02	
6.275E-6	2.08E+00	1.28E-02	
6.3E-6	2.08E+00	1.28E-02	
6.325E-6	2.08E+00	1.28E-02	
6.35E-6	2.08E+00	1.20E-02	
6.375E-6	2.08E+00	1.20E-02	
6.4E-6	2.08E+00	1.20E-02	
6.425E-6	2.08E+00	1.20E-02	
6.45E-6	2.08E+00	1.12E-02	
6.475E-6	2.08E+00	1.12E-02	
6.5E-6	2.08E+00	1.12E-02	
6.525E-6	2.08E+00	1.12E-02	
6.55E-6	2.08E+00	1.04E-02	
6.575E-6	2.08E+00	1.04E-02	
6.6E-6	2.08E+00	1.04E-02	
6.625E-6	2.08E+00	1.04E-02	
6.65E-6	2.08E+00	1.04E-02	
6.675E-6	2.08E+00	1.04E-02	
6.7E-6	2.08E+00	1.04E-02	
6.725E-6	2.08E+00	1.04E-02	
6.75E-6	2.08E+00	1.04E-02	
6.775E-6	2.08E+00	9.60E-03	
6.8E-6	2.08E+00	9.60E-03	
6.825E-6	2.08E+00	9.60E-03	
6.85E-6	2.08E+00	9.60E-03	
6.875E-6	2.08E+00	1.04E-02	
6.9E-6	2.08E+00	1.04E-02	
6.925E-6	2.08E+00	1.04E-02	
6.95E-6	2.08E+00	1.04E-02	
6.975E-6	2.08E+00	1.04E-02	
7.E-6	2.08E+00	1.12E-02	
7.025E-6	2.08E+00	1.12E-02	
7.05E-6	2.08E+00	1.12E-02	
7.075E-6	2.08E+00	1.12E-02	
7.1E-6	2.08E+00	1.20E-02	
7.125E-6	2.08E+00	1.20E-02	
7.15E-6	2.08E+00	1.20E-02	
7.175E-6	2.08E+00	1.20E-02	
7.2E-6	2.08E+00	1.28E-02	
7.225E-6	2.08E+00	1.28E-02	
7.25E-6	2.08E+00	1.28E-02	
7.275E-6	2.08E+00	1.28E-02	
7.3E-6	2.08E+00	1.28E-02	
7.325E-6	2.08E+00	1.28E-02	
7.35E-6	2.08E+00	1.28E-02	
7.375E-6	2.08E+00	1.28E-02	
7.4E-6	2.08E+00	1.28E-02	
7.425E-6	2.08E+00	1.28E-02	
7.45E-6	2.08E+00	1.28E-02	
7.475E-6	2.08E+00	1.28E-02	
7.5E-6	2.08E+00	1.28E-02	
7.525E-6	2.08E+00	1.20E-02	
7.55E-6	2.08E+00	1.20E-02	
7.575E-6	2.08E+00	1.20E-02	
7.6E-6	2.08E+00	1.12E-02	
7.625E-6	2.08E+00	1.12E-02	
7.65E-6	2.08E+00	1.12E-02	
7.675E-6	2.08E+00	1.12E-02	
7.7E-6	2.08E+00	1.04E-02	
7.725E-6	2.08E+00	1.04E-02	
7.75E-6	2.08E+00	1.04E-02	
7.775E-6	2.08E+00	1.04E-02	
7.8E-6	2.08E+00	9.60E-03	
7.825E-6	2.08E+00	9.60E-03	
7.85E-6	2.08E+00	9.60E-03	
7.875E-6	2.08E+00	9.60E-03	
7.9E-6	2.08E+00	1.04E-02	
7.925E-6	2.08E+00	1.04E-02	
7.95E-6	2.08E+00	1.04E-02	
7.975E-6	2.08E+00	1.04E-02	
8.E-6	2.08E+00	1.04E-02	
8.025E-6	2.08E+00	1.04E-02	
8.05E-6	2.08E+00	1.12E-02	
8.075E-6	2.08E+00	1.12E-02	
8.1E-6	2.08E+00	1.12E-02	
8.125E-6	2.08E+00	1.12E-02	
8.15E-6	2.08E+00	1.12E-02	
8.175E-6	2.08E+00	1.12E-02	
8.2E-6	2.08E+00	1.12E-02	
8.225E-6	2.08E+00	1.12E-02	
8.25E-6	2.08E+00	1.12E-02	
8.275E-6	2.08E+00	1.20E-02	
8.3E-6	2.08E+00	1.20E-02	
8.325E-6	2.08E+00	1.20E-02	
8.35E-6	2.08E+00	1.28E-02	
8.375E-6	2.08E+00	1.28E-02	
8.4E-6	2.08E+00	1.28E-02	
8.425E-6	2.08E+00	1.28E-02	
8.45E-6	2.08E+00	1.28E-02	
8.475E-6	2.08E+00	1.28E-02	
8.5E-6	2.08E+00	1.28E-02	
8.525E-6	2.08E+00	1.36E-02	
8.55E-6	2.08E+00	1.36E-02	
8.575E-6	2.08E+00	1.36E-02	
8.6E-6	2.08E+00	1.36E-02	
8.625E-6	2.08E+00	1.36E-02	
8.65E-6	2.08E+00	1.36E-02	
8.675E-6	2.08E+00	1.44E-02	
8.7E-6	2.08E+00	1.44E-02	
8.725E-6	2.08E+00	1.44E-02	
8.75E-6	2.08E+00	1.44E-02	
8.775E-6	2.08E+00	1.44E-02	
8.8E-6	2.08E+00	1.44E-02	
8.825E-6	2.08E+00	1.44E-02	
8.85E-6	2.08E+00	1.44E-02	
8.875E-6	2.08E+00	1.36E-02	
8.9E-6	2.08E+00	1.36E-02	
8.925E-6	2.08E+00	1.36E-02	
8.95E-6	2.08E+00	1.36E-02	
8.975E-6	2.08E+00	1.44E-02	
9.E-6	2.08E+00	1.44E-02	
9.025E-6	2.08E+00	1.44E-02	
9.05E-6	2.08E+00	1.44E-02	
9.075E-6	2.08E+00	1.44E-02	
9.1E-6	2.08E+00	1.44E-02	
9.125E-6	2.08E+00	1.44E-02	
9.15E-6	2.08E+00	1.44E-02	
9.175E-6	2.08E+00	1.44E-02	
9.2E-6	2.08E+00	1.44E-02	
9.225E-6	2.08E+00	1.44E-02	
9.25E-6	2.08E+00	1.44E-02	
9.275E-6	2.08E+00	1.44E-02	
9.3E-6	2.08E+00	1.44E-02	
9.325E-6	2.08E+00	1.36E-02	
9.35E-6	2.08E+00	1.36E-02	
9.375E-6	2.08E+00	1.36E-02	
9.4E-6	2.08E+00	1.36E-02	
9.425E-6	2.08E+00	1.36E-02	
9.45E-6	2.08E+00	1.36E-02	
9.475E-6	2.08E+00	1.36E-02	
9.5E-6	2.08E+00	1.36E-02	
9.525E-6	2.08E+00	1.28E-02	
9.55E-6	2.08E+00	1.28E-02	
9.575E-6	2.08E+00	1.28E-02	
9.6E-6	2.08E+00	1.28E-02	
9.625E-6	2.08E+00	1.28E-02	
9.65E-6	2.08E+00	1.20E-02	
9.675E-6	2.08E+00	1.20E-02	
9.7E-6	2.08E+00	1.20E-02	
9.725E-6	2.08E+00	1.20E-02	
9.75E-6	2.08E+00	1.12E-02	
9.775E-6	2.08E+00	1.12E-02	
9.8E-6	2.08E+00	1.12E-02	
9.825E-6	2.08E+00	1.12E-02	
9.85E-6	2.08E+00	1.12E-02	
9.875E-6	2.08E+00	1.12E-02	
9.9E-6	2.08E+00	1.12E-02	
9.925E-6	2.08E+00	1.12E-02	
9.95E-6	2.08E+00	1.12E-02	
9.975E-6	2.08E+00	1.12E-02	
1.E-5	2.08E+00	1.12E-02	
1.0025E-5	2.08E+00	1.20E-02	
1.005E-5	2.08E+00	1.20E-02	
1.0075E-5	2.08E+00	1.20E-02	
1.01E-5	2.08E+00	1.20E-02	
1.0125E-5	2.08E+00	1.20E-02	
1.015E-5	2.08E+00	1.20E-02	
1.0175E-5	2.08E+00	1.28E-02	
1.02E-5	2.08E+00	1.28E-02	
1.0225E-5	2.08E+00	1.28E-02	
1.025E-5	2.08E+00	1.36E-02	
1.0275E-5	2.08E+00	1.36E-02	
1.03E-5	2.08E+00	1.36E-02	
1.0325E-5	2.08E+00	1.36E-02	
1.035E-5	2.08E+00	1.36E-02	
1.0375E-5	2.08E+00	1.36E-02	
1.04E-5	2.08E+00	1.36E-02	
1.0425E-5	2.08E+00	1.36E-02	
1.045E-5	2.08E+00	1.36E-02	
1.0475E-5	2.08E+00	1.36E-02	
1.05E-5	2.08E+00	1.36E-02	
1.0525E-5	2.08E+00	1.36E-02	
1.055E-5	2.08E+00	1.28E-02	
1.0575E-5	2.08E+00	1.28E-02	
1.06E-5	2.08E+00	1.20E-02	
1.0625E-5	2.08E+00	1.20E-02	
1.065E-5	2.08E+00	1.20E-02	
1.0675E-5	2.08E+00	1.12E-02	
1.07E-5	2.08E+00	1.12E-02	
1.0725E-5	2.08E+00	1.12E-02	
1.075E-5	2.08E+00	1.12E-02	
1.0775E-5	2.08E+00	1.04E-02	
1.08E-5	2.08E+00	1.04E-02	
1.0825E-5	2.04E+00	1.04E-02	
1.085E-5	2.00E+00	1.04E-02	
1.0875E-5	1.88E+00	9.60E-03	
1.09E-5	1.72E+00	9.60E-03	
1.0925E-5	1.56E+00	9.60E-03	
1.095E-5	1.44E+00	9.60E-03	
1.0975E-5	1.24E+00	9.60E-03	
1.1E-5	9.20E-01	9.60E-03	
1.1025E-5	2.80E-01	9.60E-03	
1.105E-5	-1.96E+00	9.60E-03	
1.1075E-5	-5.92E+00	9.60E-03	
1.11E-5	-6.00E+00	9.60E-03	
1.1125E-5	-6.00E+00	9.60E-03	
1.115E-5	-6.00E+00	9.60E-03	
1.1175E-5	-6.00E+00	9.60E-03	
1.12E-5	-6.00E+00	9.60E-03	
1.1225E-5	-6.00E+00	9.60E-03	
1.125E-5	-6.00E+00	8.80E-03	
1.1275E-5	-6.00E+00	8.00E-03	
1.13E-5	-6.00E+00	8.00E-03	
1.1325E-5	-6.00E+00	8.00E-03	
1.135E-5	-6.00E+00	8.00E-03	
1.1375E-5	-6.00E+00	8.80E-03	
1.14E-5	-6.00E+00	9.60E-03	
1.1425E-5	-6.00E+00	9.60E-03	
1.145E-5	-6.00E+00	1.04E-02	
1.1475E-5	-6.00E+00	1.04E-02	
1.15E-5	-6.00E+00	1.12E-02	
1.1525E-5	-6.00E+00	1.12E-02	
1.155E-5	-6.00E+00	1.20E-02	
1.1575E-5	-6.00E+00	1.20E-02	
1.16E-5	-6.00E+00	1.28E-02	
1.1625E-5	-6.00E+00	1.36E-02	
1.165E-5	-6.00E+00	1.36E-02	
1.1675E-5	-6.00E+00	1.44E-02	
1.17E-5	-6.00E+00	1.44E-02	
1.1725E-5	-6.00E+00	1.44E-02	
1.175E-5	-6.00E+00	1.44E-02	
1.1775E-5	-6.00E+00	1.44E-02	
1.18E-5	-6.00E+00	1.44E-02	
1.1825E-5	-6.00E+00	1.36E-02	
1.185E-5	-6.00E+00	1.36E-02	
1.1875E-5	-6.00E+00	1.36E-02	
1.19E-5	-6.00E+00	1.36E-02	
1.1925E-5	-6.00E+00	1.36E-02	
1.195E-5	-6.00E+00	1.36E-02	
1.1975E-5	-6.00E+00	1.36E-02	
1.2E-5	-6.00E+00	1.36E-02	
1.2025E-5	-6.00E+00	1.36E-02	
1.205E-5	-6.00E+00	1.44E-02	
1.2075E-5	-6.00E+00	1.44E-02	
1.21E-5	-6.00E+00	1.52E-02	
1.2125E-5	-6.00E+00	1.60E-02	
1.215E-5	-6.00E+00	1.76E-02	
1.2175E-5	-6.00E+00	1.84E-02	
1.22E-5	-6.00E+00	2.00E-02	
1.2225E-5	-6.00E+00	2.16E-02	
1.225E-5	-6.00E+00	2.24E-02	
1.2275E-5	-6.00E+00	2.32E-02	
1.23E-5	-6.00E+00	2.32E-02	
1.2325E-5	-6.00E+00	2.32E-02	
1.235E-5	-6.00E+00	2.32E-02	
1.2375E-5	-6.00E+00	2.24E-02	
1.24E-5	-6.00E+00	2.08E-02	
1.2425E-5	-6.00E+00	1.92E-02	
1.245E-5	-6.00E+00	1.76E-02	
1.2475E-5	-6.00E+00	1.52E-02	
1.25E-5	-6.00E+00	1.36E-02	
1.2525E-5	-6.00E+00	1.28E-02	
1.255E-5	-6.00E+00	1.20E-02	
1.2575E-5	-6.00E+00	1.12E-02	
1.26E-5	-6.00E+00	1.04E-02	
1.2625E-5	-6.00E+00	8.80E-03	
1.265E-5	-6.00E+00	7.20E-03	
1.2675E-5	-6.00E+00	5.60E-03	
1.27E-5	-6.00E+00	5.60E-03	
1.2725E-5	-6.00E+00	5.60E-03	
1.275E-5	-6.00E+00	5.60E-03	
1.2775E-5	-6.00E+00	6.40E-03	
1.28E-5	-6.00E+00	8.00E-03	
1.2825E-5	-6.00E+00	8.80E-03	
1.285E-5	-6.00E+00	1.04E-02	
1.2875E-5	-6.00E+00	1.04E-02	
1.29E-5	-6.00E+00	1.12E-02	
1.2925E-5	-6.00E+00	1.12E-02	
1.295E-5	-6.00E+00	1.04E-02	
1.2975E-5	-6.00E+00	1.04E-02	
1.3E-5	-6.00E+00	1.12E-02	
1.3025E-5	-6.00E+00	1.12E-02	
1.305E-5	-6.00E+00	1.12E-02	
1.3075E-5	-6.00E+00	1.12E-02	
1.31E-5	-6.00E+00	1.12E-02	
1.3125E-5	-6.00E+00	1.12E-02	
1.315E-5	-6.00E+00	1.12E-02	
1.3175E-5	-6.00E+00	1.04E-02	
1.32E-5	-5.84E+00	1.04E-02	
1.3225E-5	-4.52E+00	9.60E-03	
1.325E-5	-3.12E+00	8.80E-03	
1.3275E-5	-1.76E+00	8.80E-03	
1.33E-5	-2.80E-01	8.80E-03	
1.3325E-5	1.32E+00	8.80E-03	
1.335E-5	2.92E+00	8.00E-03	
1.3375E-5	4.12E+00	8.00E-03	
1.34E-5	4.20E+00	7.20E-03	
1.3425E-5	4.20E+00	6.40E-03	
1.345E-5	4.20E+00	6.40E-03	
1.3475E-5	4.20E+00	5.60E-03	
1.35E-5	4.20E+00	5.60E-03	
1.3525E-5	4.20E+00	5.60E-03	
1.355E-5	4.20E+00	4.80E-03	
1.3575E-5	4.20E+00	4.80E-03	
1.36E-5	4.20E+00	4.00E-03	
1.3625E-5	4.20E+00	3.20E-03	
1.365E-5	4.20E+00	2.40E-03	
1.3675E-5	4.20E+00	1.60E-03	
1.37E-5	4.20E+00	8.00E-04	
1.3725E-5	4.20E+00	0.00E+00	
1.375E-5	4.20E+00	-8.00E-04	
1.3775E-5	4.20E+00	-1.60E-03	
1.38E-5	4.20E+00	-2.40E-03	
1.3825E-5	4.20E+00	-2.40E-03	
1.385E-5	4.20E+00	-3.20E-03	
1.3875E-5	4.20E+00	-4.00E-03	
1.39E-5	4.20E+00	-4.00E-03	
1.3925E-5	4.20E+00	-4.80E-03	
1.395E-5	4.20E+00	-5.60E-03	
1.3975E-5	4.20E+00	-6.40E-03	
1.4E-5	4.20E+00	-7.20E-03	
1.4025E-5	4.20E+00	-8.00E-03	
1.405E-5	4.20E+00	-8.00E-03	
1.4075E-5	4.20E+00	-8.80E-03	
1.41E-5	4.20E+00	-9.60E-03	
1.4125E-5	4.20E+00	-9.60E-03	
1.415E-5	4.20E+00	-1.04E-02	
1.4175E-5	4.20E+00	-1.12E-02	
1.42E-5	4.20E+00	-1.12E-02	
1.4225E-5	4.20E+00	-1.20E-02	
1.425E-5	4.20E+00	-1.28E-02	
1.4275E-5	4.20E+00	-1.28E-02	
1.43E-5	4.20E+00	-1.36E-02	
1.4325E-5	4.20E+00	-1.36E-02	
1.435E-5	4.20E+00	-1.44E-02	
1.4375E-5	4.20E+00	-1.52E-02	
1.44E-5	4.20E+00	-1.52E-02	
1.4425E-5	4.20E+00	-1.60E-02	
1.445E-5	4.20E+00	-1.68E-02	
1.4475E-5	4.20E+00	-1.76E-02	
1.45E-5	4.20E+00	-1.76E-02	
1.4525E-5	4.20E+00	-1.84E-02	
1.455E-5	4.20E+00	-1.84E-02	
1.4575E-5	4.20E+00	-1.92E-02	
1.46E-5	4.20E+00	-1.92E-02	
1.4625E-5	4.20E+00	-2.00E-02	
1.465E-5	4.20E+00	-2.00E-02	
1.4675E-5	4.20E+00	-2.00E-02	
1.47E-5	4.20E+00	-2.08E-02	
1.4725E-5	4.20E+00	-2.08E-02	
1.475E-5	4.20E+00	-2.08E-02	
1.4775E-5	4.20E+00	-2.16E-02	
1.48E-5	4.20E+00	-2.16E-02	
1.4825E-5	4.20E+00	-2.24E-02	
1.485E-5	4.20E+00	-2.24E-02	
1.4875E-5	4.20E+00	-2.32E-02	
1.49E-5	4.20E+00	-2.32E-02	
1.4925E-5	4.16E+00	-2.40E-02	
1.495E-5	3.88E+00	-2.40E-02	
1.4975E-5	3.44E+00	-2.40E-02	
1.5E-5	3.04E+00	-2.40E-02	
1.5025E-5	2.68E+00	-2.48E-02	
1.505E-5	2.32E+00	-2.48E-02	
1.5075E-5	1.96E+00	-2.48E-02	
1.51E-5	1.64E+00	-2.48E-02	
1.5125E-5	1.32E+00	-2.56E-02	
1.515E-5	1.04E+00	-2.56E-02	
1.5175E-5	7.60E-01	-2.56E-02	
1.52E-5	4.80E-01	-2.64E-02	
1.5225E-5	2.00E-01	-2.64E-02	
1.525E-5	-4.00E-02	-2.72E-02	
1.5275E-5	-3.20E-01	-2.72E-02	
1.53E-5	-6.00E-01	-2.80E-02	
1.5325E-5	-8.40E-01	-2.80E-02	
1.535E-5	-1.12E+00	-2.88E-02	
1.5375E-5	-1.36E+00	-2.88E-02	
1.54E-5	-1.64E+00	-2.96E-02	
1.5425E-5	-1.88E+00	-2.96E-02	
1.545E-5	-2.16E+00	-2.96E-02	
1.5475E-5	-2.40E+00	-3.04E-02	
1.55E-5	-2.64E+00	-3.04E-02	
1.5525E-5	-2.84E+00	-3.04E-02	
1.555E-5	-3.08E+00	-3.12E-02	
1.5575E-5	-3.28E+00	-3.12E-02	
1.56E-5	-3.44E+00	-3.12E-02	
1.5625E-5	-3.60E+00	-3.20E-02	
1.565E-5	-3.72E+00	-3.20E-02	
1.5675E-5	-3.84E+00	-3.20E-02	
1.57E-5	-3.96E+00	-3.20E-02	
1.5725E-5	-4.04E+00	-3.20E-02	
1.575E-5	-4.08E+00	-3.20E-02	
1.5775E-5	-4.16E+00	-3.20E-02	
1.58E-5	-4.20E+00	-3.20E-02	
1.5825E-5	-4.20E+00	-3.20E-02	
1.585E-5	-4.20E+00	-3.20E-02	
1.5875E-5	-4.16E+00	-3.20E-02	
1.59E-5	-4.12E+00	-3.20E-02	
1.5925E-5	-4.00E+00	-3.20E-02	
1.595E-5	-3.84E+00	-3.20E-02	
1.5975E-5	-3.60E+00	-3.20E-02	
1.6E-5	-3.36E+00	-3.28E-02	
1.6025E-5	-3.12E+00	-3.28E-02	
1.605E-5	-2.88E+00	-3.28E-02	
1.6075E-5	-2.68E+00	-3.28E-02	
1.61E-5	-2.44E+00	-3.36E-02	
1.6125E-5	-2.28E+00	-3.36E-02	
1.615E-5	-2.08E+00	-3.36E-02	
1.6175E-5	-1.92E+00	-3.36E-02	
1.62E-5	-1.80E+00	-3.36E-02	
1.6225E-5	-1.64E+00	-3.36E-02	
1.625E-5	-1.52E+00	-3.36E-02	
1.6275E-5	-1.40E+00	-3.36E-02	
1.63E-5	-1.32E+00	-3.36E-02	
1.6325E-5	-1.24E+00	-3.44E-02	
1.635E-5	-1.12E+00	-3.44E-02	
1.6375E-5	-1.08E+00	-3.44E-02	
1.64E-5	-1.00E+00	-3.44E-02	
1.6425E-5	-9.60E-01	-3.52E-02	
1.645E-5	-9.20E-01	-3.52E-02	
1.6475E-5	-8.80E-01	-3.52E-02	
1.65E-5	-8.40E-01	-3.60E-02	
1.6525E-5	-8.00E-01	-3.60E-02	
1.655E-5	-8.00E-01	-3.60E-02	
1.6575E-5	-7.60E-01	-3.60E-02	
1.66E-5	-7.60E-01	-3.68E-02	
1.6625E-5	-7.60E-01	-3.68E-02	
1.665E-5	-7.20E-01	-3.68E-02	
1.6675E-5	-7.20E-01	-3.68E-02	
1.67E-5	-7.20E-01	-3.68E-02	
1.6725E-5	-7.20E-01	-3.60E-02	
1.675E-5	-6.80E-01	-3.60E-02	
1.6775E-5	-6.80E-01	-3.60E-02	
1.68E-5	-6.80E-01	-3.60E-02	
1.6825E-5	-6.40E-01	-3.60E-02	
1.685E-5	-6.40E-01	-3.60E-02	
1.6875E-5	-6.40E-01	-3.60E-02	
1.69E-5	-6.00E-01	-3.52E-02	
1.6925E-5	-6.00E-01	-3.52E-02	
1.695E-5	-6.00E-01	-3.52E-02	
1.6975E-5	-5.60E-01	-3.52E-02	
1.7E-5	-5.60E-01	-3.44E-02	
1.7025E-5	-5.60E-01	-3.44E-02	
1.705E-5	-5.20E-01	-3.44E-02	
1.7075E-5	-5.20E-01	-3.44E-02	
1.71E-5	-5.20E-01	-3.44E-02	
1.7125E-5	-4.80E-01	-3.44E-02	
1.715E-5	-4.80E-01	-3.36E-02	
1.7175E-5	-4.80E-01	-3.36E-02	
1.72E-5	-4.80E-01	-3.36E-02	
1.7225E-5	-4.80E-01	-3.36E-02	
1.725E-5	-4.40E-01	-3.36E-02	
1.7275E-5	-4.40E-01	-3.28E-02	
1.73E-5	-4.40E-01	-3.28E-02	
1.7325E-5	-4.00E-01	-3.28E-02	
1.735E-5	-4.00E-01	-3.20E-02	
1.7375E-5	-4.00E-01	-3.20E-02	
1.74E-5	-3.60E-01	-3.20E-02	
1.7425E-5	-3.20E-01	-3.20E-02	
1.745E-5	-3.20E-01	-3.20E-02	
1.7475E-5	-2.80E-01	-3.20E-02	
1.75E-5	-2.80E-01	-3.20E-02	
1.7525E-5	-2.40E-01	-3.12E-02	
1.755E-5	-2.40E-01	-3.12E-02	
1.7575E-5	-2.00E-01	-3.12E-02	
1.76E-5	-2.00E-01	-3.12E-02	
1.7625E-5	-2.00E-01	-3.12E-02	
1.765E-5	-1.60E-01	-3.12E-02	
1.7675E-5	-1.60E-01	-3.12E-02	
1.77E-5	-1.60E-01	-3.12E-02	
1.7725E-5	-1.20E-01	-3.04E-02	
1.775E-5	-1.20E-01	-3.04E-02	
1.7775E-5	-1.20E-01	-3.04E-02	
1.78E-5	-8.00E-02	-3.04E-02	
1.7825E-5	-8.00E-02	-3.04E-02	
1.785E-5	-8.00E-02	-3.04E-02	
1.7875E-5	-8.00E-02	-3.04E-02	
1.79E-5	-4.00E-02	-3.04E-02	
1.7925E-5	-4.00E-02	-2.96E-02	
1.795E-5	-4.00E-02	-2.96E-02	
1.7975E-5	0.00E+00	-2.96E-02	
1.8E-5	0.00E+00	-2.96E-02	
1.8025E-5	0.00E+00	-2.96E-02	
1.805E-5	4.00E-02	-2.96E-02	
1.8075E-5	4.00E-02	-2.96E-02	
1.81E-5	4.00E-02	-2.96E-02	
1.8125E-5	8.00E-02	-2.96E-02	
1.815E-5	8.00E-02	-2.96E-02	
1.8175E-5	8.00E-02	-2.96E-02	
1.82E-5	1.20E-01	-2.96E-02	
1.8225E-5	1.20E-01	-3.04E-02	
1.825E-5	1.20E-01	-3.04E-02	
1.8275E-5	1.20E-01	-3.04E-02	
1.83E-5	1.60E-01	-3.12E-02	
1.8325E-5	1.60E-01	-3.12E-02	
1.835E-5	1.60E-01	-3.12E-02	
1.8375E-5	1.60E-01	-3.20E-02	
1.84E-5	1.60E-01	-3.20E-02	
1.8425E-5	2.00E-01	-3.20E-02	
1.845E-5	2.00E-01	-3.20E-02	
1.8475E-5	2.00E-01	-3.20E-02	
1.85E-5	2.00E-01	-3.20E-02	
1.8525E-5	2.40E-01	-3.20E-02	
1.855E-5	2.40E-01	-3.28E-02	
1.8575E-5	2.40E-01	-3.28E-02	
1.86E-5	2.40E-01	-3.28E-02	
1.8625E-5	2.40E-01	-3.36E-02	
1.865E-5	2.80E-01	-3.36E-02	
1.8675E-5	2.80E-01	-3.36E-02	
1.87E-5	2.80E-01	-3.44E-02	
1.8725E-5	2.80E-01	-3.44E-02	
1.875E-5	2.80E-01	-3.44E-02	
1.8775E-5	2.80E-01	-3.52E-02	
1.88E-5	2.80E-01	-3.52E-02	
1.8825E-5	3.20E-01	-3.60E-02	
1.885E-5	3.20E-01	-3.60E-02	
1.8875E-5	3.20E-01	-3.68E-02	
1.89E-5	3.20E-01	-3.68E-02	
1.8925E-5	3.20E-01	-3.76E-02	
1.895E-5	3.20E-01	-3.76E-02	
1.8975E-5	3.20E-01	-3.84E-02	
1.9E-5	3.20E-01	-3.84E-02	
1.9025E-5	3.20E-01	-3.92E-02	
1.905E-5	3.20E-01	-3.92E-02	
1.9075E-5	3.20E-01	-3.92E-02	
1.91E-5	3.20E-01	-4.00E-02	
1.9125E-5	3.20E-01	-4.00E-02	
1.915E-5	3.20E-01	-4.00E-02	
1.9175E-5	3.20E-01	-4.08E-02	
1.92E-5	3.20E-01	-4.08E-02	
1.9225E-5	3.20E-01	-4.08E-02	
1.925E-5	3.20E-01	-4.08E-02	
1.9275E-5	3.20E-01	-4.16E-02	
1.93E-5	3.20E-01	-4.16E-02	
1.9325E-5	3.20E-01	-4.16E-02	
1.935E-5	3.20E-01	-4.16E-02	
1.9375E-5	3.20E-01	-4.24E-02	
1.94E-5	3.20E-01	-4.24E-02	
1.9425E-5	3.20E-01	-4.24E-02	
1.945E-5	3.20E-01	-4.32E-02	
1.9475E-5	3.20E-01	-4.32E-02	
1.95E-5	3.20E-01	-4.32E-02	
1.9525E-5	3.20E-01	-4.40E-02	
1.955E-5	3.20E-01	-4.40E-02	
1.9575E-5	3.20E-01	-4.40E-02	
1.96E-5	3.20E-01	-4.48E-02	
1.9625E-5	3.20E-01	-4.48E-02	
1.965E-5	3.20E-01	-4.48E-02	
1.9675E-5	3.20E-01	-4.56E-02	
1.97E-5	2.80E-01	-4.56E-02	
1.9725E-5	2.80E-01	-4.64E-02	
1.975E-5	2.80E-01	-4.64E-02	
1.9775E-5	2.80E-01	-4.64E-02	
1.98E-5	2.80E-01	-4.64E-02	
1.9825E-5	2.80E-01	-4.72E-02	
1.985E-5	2.80E-01	-4.72E-02	
1.9875E-5	2.80E-01	-4.72E-02	
1.99E-5	2.80E-01	-4.72E-02	
1.9925E-5	2.80E-01	-4.80E-02	
1.995E-5	2.80E-01	-4.80E-02	
1.9975E-5	2.80E-01	-4.80E-02	
2.E-5	2.80E-01	-4.80E-02	
2.0025E-5	2.40E-01	-4.88E-02	
2.005E-5	2.40E-01	-4.88E-02	
2.0075E-5	2.40E-01	-4.88E-02	
2.01E-5	2.40E-01	-4.88E-02	
2.0125E-5	2.40E-01	-4.88E-02	
2.015E-5	2.40E-01	-4.88E-02	
2.0175E-5	2.40E-01	-4.88E-02	
2.02E-5	2.40E-01	-4.88E-02	
2.0225E-5	2.40E-01	-4.88E-02	
2.025E-5	2.40E-01	-4.88E-02	
2.0275E-5	2.00E-01	-4.88E-02	
2.03E-5	2.00E-01	-4.88E-02	
2.0325E-5	2.00E-01	-4.88E-02	
2.035E-5	2.00E-01	-4.88E-02	
2.0375E-5	2.00E-01	-4.88E-02	
2.04E-5	2.00E-01	-4.88E-02	
2.0425E-5	2.00E-01	-4.88E-02	
2.045E-5	2.00E-01	-4.96E-02	
2.0475E-5	2.00E-01	-4.96E-02	
2.05E-5	1.60E-01	-4.96E-02	
2.0525E-5	1.60E-01	-4.96E-02	
2.055E-5	1.60E-01	-4.96E-02	
2.0575E-5	1.60E-01	-4.96E-02	
2.06E-5	1.60E-01	-4.96E-02	
2.0625E-5	1.60E-01	-5.04E-02	
2.065E-5	1.60E-01	-5.04E-02	
2.0675E-5	1.60E-01	-5.04E-02	
2.07E-5	1.20E-01	-5.04E-02	
2.0725E-5	1.20E-01	-5.04E-02	
2.075E-5	1.20E-01	-5.04E-02	
2.0775E-5	1.20E-01	-4.96E-02	
2.08E-5	1.20E-01	-4.96E-02	
2.0825E-5	1.20E-01	-4.96E-02	
2.085E-5	1.20E-01	-4.96E-02	
2.0875E-5	1.20E-01	-4.96E-02	
2.09E-5	8.00E-02	-4.96E-02	
2.0925E-5	8.00E-02	-4.96E-02	
2.095E-5	8.00E-02	-4.96E-02	
2.0975E-5	8.00E-02	-4.96E-02	
2.1E-5	8.00E-02	-4.96E-02	
2.1025E-5	8.00E-02	-4.96E-02	
2.105E-5	8.00E-02	-4.96E-02	
2.1075E-5	8.00E-02	-4.96E-02	
2.11E-5	8.00E-02	-5.04E-02	
2.1125E-5	4.00E-02	-5.04E-02	
2.115E-5	4.00E-02	-5.04E-02	
2.1175E-5	4.00E-02	-5.04E-02	
2.12E-5	4.00E-02	-4.96E-02	
2.1225E-5	4.00E-02	-4.96E-02	
2.125E-5	4.00E-02	-4.96E-02	
2.1275E-5	4.00E-02	-4.88E-02	
2.13E-5	4.00E-02	-4.88E-02	
2.1325E-5	4.00E-02	-4.88E-02	
2.135E-5	4.00E-02	-4.80E-02	
2.1375E-5	4.00E-02	-4.80E-02	
2.14E-5	4.00E-02	-4.80E-02	
2.1425E-5	4.00E-02	-4.80E-02	
2.145E-5	4.00E-02	-4.72E-02	
2.1475E-5	0.00E+00	-4.72E-02	
2.15E-5	0.00E+00	-4.72E-02	
2.1525E-5	0.00E+00	-4.72E-02	
2.155E-5	0.00E+00	-4.72E-02	
2.1575E-5	0.00E+00	-4.64E-02	
2.16E-5	0.00E+00	-4.64E-02	
2.1625E-5	0.00E+00	-4.64E-02	
2.165E-5	0.00E+00	-4.56E-02	
2.1675E-5	0.00E+00	-4.56E-02	
2.17E-5	0.00E+00	-4.56E-02	
2.1725E-5	0.00E+00	-4.56E-02	
2.175E-5	0.00E+00	-4.56E-02	
2.1775E-5	0.00E+00	-4.56E-02	
2.18E-5	0.00E+00	-4.56E-02	
2.1825E-5	0.00E+00	-4.56E-02	
2.185E-5	0.00E+00	-4.56E-02	
2.1875E-5	0.00E+00	-4.56E-02	
2.19E-5	0.00E+00	-4.56E-02	
2.1925E-5	0.00E+00	-4.56E-02	
2.195E-5	0.00E+00	-4.48E-02	
2.1975E-5	0.00E+00	-4.48E-02	
2.2E-5	0.00E+00	-4.48E-02	
2.2025E-5	0.00E+00	-4.40E-02	
2.205E-5	0.00E+00	-4.40E-02	
2.2075E-5	0.00E+00	-4.40E-02	
2.21E-5	0.00E+00	-4.40E-02	
2.2125E-5	0.00E+00	-4.40E-02	
2.215E-5	0.00E+00	-4.32E-02	
2.2175E-5	0.00E+00	-4.32E-02	
2.22E-5	0.00E+00	-4.32E-02	
2.2225E-5	0.00E+00	-4.24E-02	
2.225E-5	0.00E+00	-4.24E-02	
2.2275E-5	0.00E+00	-4.24E-02	
2.23E-5	0.00E+00	-4.24E-02	
2.2325E-5	0.00E+00	-4.16E-02	
2.235E-5	0.00E+00	-4.16E-02	
2.2375E-5	0.00E+00	-4.16E-02	
2.24E-5	0.00E+00	-4.08E-02	
2.2425E-5	0.00E+00	-4.08E-02	
2.245E-5	0.00E+00	-4.08E-02	
2.2475E-5	0.00E+00	-4.08E-02	
2.25E-5	0.00E+00	-4.00E-02	
2.2525E-5	0.00E+00	-4.00E-02	
2.255E-5	0.00E+00	-4.00E-02	
2.2575E-5	0.00E+00	-4.00E-02	
2.26E-5	0.00E+00	-4.00E-02	
2.2625E-5	0.00E+00	-4.00E-02	
2.265E-5	0.00E+00	-4.00E-02	
2.2675E-5	0.00E+00	-4.00E-02	
2.27E-5	0.00E+00	-3.92E-02	
2.2725E-5	0.00E+00	-3.92E-02	
2.275E-5	0.00E+00	-3.92E-02	
2.2775E-5	0.00E+00	-3.92E-02	
2.28E-5	0.00E+00	-3.84E-02	
2.2825E-5	0.00E+00	-3.84E-02	
2.285E-5	0.00E+00	-3.84E-02	
2.2875E-5	0.00E+00	-3.84E-02	
2.29E-5	0.00E+00	-3.84E-02	
2.2925E-5	0.00E+00	-3.84E-02	
2.295E-5	0.00E+00	-3.84E-02	
2.2975E-5	0.00E+00	-3.84E-02	
2.3E-5	0.00E+00	-3.84E-02	
2.3025E-5	0.00E+00	-3.76E-02	
2.305E-5	0.00E+00	-3.76E-02	
2.3075E-5	0.00E+00	-3.76E-02	
2.31E-5	0.00E+00	-3.76E-02	
2.3125E-5	0.00E+00	-3.68E-02	
2.315E-5	0.00E+00	-3.68E-02	
2.3175E-5	0.00E+00	-3.68E-02	
2.32E-5	0.00E+00	-3.68E-02	
2.3225E-5	0.00E+00	-3.60E-02	
2.325E-5	0.00E+00	-3.60E-02	
2.3275E-5	0.00E+00	-3.60E-02	
2.33E-5	0.00E+00	-3.60E-02	
2.3325E-5	0.00E+00	-3.60E-02	
2.335E-5	0.00E+00	-3.60E-02	
2.3375E-5	0.00E+00	-3.60E-02	
2.34E-5	0.00E+00	-3.60E-02	
2.3425E-5	0.00E+00	-3.68E-02	
2.345E-5	0.00E+00	-3.68E-02	
2.3475E-5	0.00E+00	-3.68E-02	
2.35E-5	0.00E+00	-3.68E-02	
2.3525E-5	0.00E+00	-3.68E-02	
2.355E-5	0.00E+00	-3.76E-02	
2.3575E-5	0.00E+00	-3.76E-02	
2.36E-5	0.00E+00	-3.76E-02	
2.3625E-5	0.00E+00	-3.76E-02	
2.365E-5	0.00E+00	-3.84E-02	
2.3675E-5	0.00E+00	-3.84E-02	
2.37E-5	4.00E-02	-3.84E-02	
2.3725E-5	4.00E-02	-3.92E-02	
2.375E-5	4.00E-02	-3.92E-02	
2.3775E-5	4.00E-02	-3.92E-02	
2.38E-5	4.00E-02	-3.92E-02	
2.3825E-5	4.00E-02	-3.92E-02	
2.385E-5	4.00E-02	-4.00E-02	
2.3875E-5	4.00E-02	-4.00E-02	
2.39E-5	4.00E-02	-4.00E-02	
2.3925E-5	4.00E-02	-4.00E-02	
2.395E-5	4.00E-02	-4.08E-02	
2.3975E-5	4.00E-02	-4.08E-02	
2.4E-5	4.00E-02	-4.08E-02	
2.4025E-5	4.00E-02	-4.16E-02	
2.405E-5	4.00E-02	-4.16E-02	
2.4075E-5	4.00E-02	-4.24E-02	
2.41E-5	4.00E-02	-4.24E-02	
2.4125E-5	8.00E-02	-4.32E-02	
2.415E-5	8.00E-02	-4.40E-02	
2.4175E-5	8.00E-02	-4.40E-02	
2.42E-5	8.00E-02	-4.48E-02	
2.4225E-5	8.00E-02	-4.48E-02	
2.425E-5	8.00E-02	-4.56E-02	
2.4275E-5	8.00E-02	-4.56E-02	
2.43E-5	8.00E-02	-4.64E-02	
2.4325E-5	8.00E-02	-4.64E-02	
2.435E-5	8.00E-02	-4.72E-02	
2.4375E-5	8.00E-02	-4.72E-02	
2.44E-5	8.00E-02	-4.72E-02	
2.4425E-5	8.00E-02	-4.72E-02	
2.445E-5	8.00E-02	-4.80E-02	
2.4475E-5	8.00E-02	-4.80E-02	
2.45E-5	8.00E-02	-4.80E-02	
2.4525E-5	8.00E-02	-4.80E-02	
2.455E-5	8.00E-02	-4.80E-02	
2.4575E-5	8.00E-02	-4.88E-02	
2.46E-5	8.00E-02	-4.88E-02	
2.4625E-5	8.00E-02	-4.88E-02	
2.465E-5	8.00E-02	-4.88E-02	
2.4675E-5	8.00E-02	-4.88E-02	
2.47E-5	8.00E-02	-4.88E-02	
2.4725E-5	8.00E-02	-4.88E-02	
2.475E-5	8.00E-02	-4.88E-02	
2.4775E-5	8.00E-02	-4.88E-02	
2.48E-5	8.00E-02	-4.88E-02	
2.4825E-5	8.00E-02	-4.96E-02	
2.485E-5	8.00E-02	-4.88E-02	
2.4875E-5	8.00E-02	-4.88E-02	
2.49E-5	8.00E-02	-4.88E-02	
2.4925E-5	8.00E-02	-4.88E-02	
2.495E-5	8.00E-02	-4.88E-02	
2.4975E-5	1.20E-01	-4.88E-02	
2.5E-5	1.20E-01	-4.96E-02	
2.5025E-5	1.20E-01	-4.96E-02	
2.505E-5	1.20E-01	-4.96E-02	
2.5075E-5	1.20E-01	-5.04E-02	
2.51E-5	1.20E-01	-5.04E-02	
2.5125E-5	1.20E-01	-5.04E-02	
2.515E-5	1.20E-01	-5.12E-02	
2.5175E-5	1.20E-01	-5.12E-02	
2.52E-5	1.20E-01	-5.12E-02	
2.5225E-5	1.20E-01	-5.20E-02	
2.525E-5	1.20E-01	-5.20E-02	
2.5275E-5	1.20E-01	-5.20E-02	
2.53E-5	1.20E-01	-5.20E-02	
2.5325E-5	1.20E-01	-5.28E-02	
2.535E-5	1.20E-01	-5.28E-02	
2.5375E-5	1.20E-01	-5.28E-02	
2.54E-5	1.20E-01	-5.36E-02	
2.5425E-5	1.20E-01	-5.36E-02	
2.545E-5	1.20E-01	-5.36E-02	
2.5475E-5	1.20E-01	-5.36E-02	
2.55E-5	1.20E-01	-5.36E-02	
2.5525E-5	1.20E-01	-5.36E-02	
2.555E-5	1.20E-01	-5.36E-02	
2.5575E-5	1.20E-01	-5.28E-02	
2.56E-5	1.20E-01	-5.28E-02	
2.5625E-5	1.20E-01	-5.28E-02	
2.565E-5	1.20E-01	-5.28E-02	
2.5675E-5	1.60E-01	-5.28E-02	
2.57E-5	1.60E-01	-5.28E-02	
2.5725E-5	1.60E-01	-5.28E-02	
2.575E-5	1.60E-01	-5.28E-02	
2.5775E-5	1.60E-01	-5.28E-02	
2.58E-5	1.60E-01	-5.28E-02	
2.5825E-5	1.60E-01	-5.28E-02	
2.585E-5	1.60E-01	-5.28E-02	
2.5875E-5	1.60E-01	-5.20E-02	
2.59E-5	1.60E-01	-5.20E-02	
2.5925E-5	1.60E-01	-5.20E-02	
2.595E-5	1.60E-01	-5.20E-02	
2.5975E-5	1.60E-01	-5.20E-02	
2.6E-5	1.60E-01	-5.20E-02	
2.6025E-5	1.60E-01	-5.12E-02	
2.605E-5	1.60E-01	-5.12E-02	
2.6075E-5	1.60E-01	-5.04E-02	
2.61E-5	1.60E-01	-5.04E-02	
2.6125E-5	1.60E-01	-5.04E-02	
2.615E-5	1.60E-01	-5.04E-02	
2.6175E-5	1.60E-01	-4.96E-02	
2.62E-5	1.60E-01	-4.96E-02	
2.6225E-5	1.60E-01	-4.96E-02	
2.625E-5	1.60E-01	-4.96E-02	
2.6275E-5	1.60E-01	-4.88E-02	
2.63E-5	1.60E-01	-4.88E-02	
2.6325E-5	1.60E-01	-4.88E-02	
2.635E-5	1.60E-01	-4.80E-02	
2.6375E-5	1.60E-01	-4.80E-02	
2.64E-5	1.60E-01	-4.80E-02	
2.6425E-5	1.60E-01	-4.80E-02	
2.645E-5	1.60E-01	-4.72E-02	
2.6475E-5	1.60E-01	-4.72E-02	
2.65E-5	1.60E-01	-4.72E-02	
2.6525E-5	1.60E-01	-4.72E-02	
2.655E-5	1.60E-01	-4.72E-02	
2.6575E-5	1.60E-01	-4.64E-02	
2.66E-5	1.60E-01	-4.64E-02	
2.6625E-5	1.60E-01	-4.64E-02	
2.665E-5	1.60E-01	-4.64E-02	
2.6675E-5	1.60E-01	-4.64E-02	
2.67E-5	1.60E-01	-4.56E-02	
2.6725E-5	1.60E-01	-4.56E-02	
2.675E-5	1.60E-01	-4.56E-02	
2.6775E-5	1.60E-01	-4.56E-02	
2.68E-5	1.60E-01	-4.56E-02	
2.6825E-5	1.60E-01	-4.56E-02	
2.685E-5	1.60E-01	-4.56E-02	
2.6875E-5	1.60E-01	-4.56E-02	
2.69E-5	1.60E-01	-4.64E-02	
2.6925E-5	1.60E-01	-4.64E-02	
2.695E-5	1.60E-01	-4.64E-02	
2.6975E-5	1.60E-01	-4.64E-02	
2.7E-5	1.60E-01	-4.64E-02	
2.7025E-5	1.60E-01	-4.64E-02	
2.705E-5	1.60E-01	-4.64E-02	
2.7075E-5	1.60E-01	-4.64E-02	
2.71E-5	1.60E-01	-4.64E-02	
2.7125E-5	1.60E-01	-4.64E-02	
2.715E-5	1.60E-01	-4.64E-02	
2.7175E-5	1.60E-01	-4.64E-02	
2.72E-5	1.60E-01	-4.64E-02	
2.7225E-5	1.60E-01	-4.56E-02	
2.725E-5	1.60E-01	-4.56E-02	
2.7275E-5	1.60E-01	-4.56E-02	
2.73E-5	1.60E-01	-4.56E-02	
2.7325E-5	1.60E-01	-4.56E-02	
2.735E-5	1.60E-01	-4.56E-02	
2.7375E-5	1.60E-01	-4.48E-02	
2.74E-5	1.60E-01	-4.48E-02	
2.7425E-5	1.60E-01	-4.48E-02	
2.745E-5	1.60E-01	-4.48E-02	
2.7475E-5	1.60E-01	-4.40E-02	
2.75E-5	1.60E-01	-4.40E-02	
2.7525E-5	1.60E-01	-4.40E-02	
2.755E-5	1.60E-01	-4.40E-02	
2.7575E-5	1.60E-01	-4.40E-02	
2.76E-5	1.20E-01	-4.40E-02	
2.7625E-5	1.20E-01	-4.40E-02	
2.765E-5	1.60E-01	-4.40E-02	
2.7675E-5	1.60E-01	-4.32E-02	
2.77E-5	1.20E-01	-4.32E-02	
2.7725E-5	1.20E-01	-4.32E-02	
2.775E-5	1.20E-01	-4.24E-02	
2.7775E-5	1.20E-01	-4.24E-02	
2.78E-5	1.20E-01	-4.16E-02	
2.7825E-5	1.20E-01	-4.16E-02	
2.785E-5	1.20E-01	-4.08E-02	
2.7875E-5	1.20E-01	-4.08E-02	
2.79E-5	1.20E-01	-4.08E-02	
2.7925E-5	1.20E-01	-4.00E-02	
2.795E-5	1.20E-01	-4.00E-02	
2.7975E-5	1.20E-01	-4.00E-02	
2.8E-5	1.20E-01	-4.00E-02	
2.8025E-5	1.20E-01	-4.00E-02	
2.805E-5	1.20E-01	-4.00E-02	
2.8075E-5	1.20E-01	-3.92E-02	
2.81E-5	1.20E-01	-3.92E-02	
2.8125E-5	1.20E-01	-3.92E-02	
2.815E-5	1.20E-01	-3.92E-02	
2.8175E-5	1.20E-01	-3.92E-02	
2.82E-5	1.20E-01	-3.92E-02	
2.8225E-5	1.20E-01	-3.92E-02	
2.825E-5	1.20E-01	-3.92E-02	
2.8275E-5	1.20E-01	-4.00E-02	
2.83E-5	1.20E-01	-4.00E-02	
2.8325E-5	1.20E-01	-4.00E-02	
2.835E-5	1.20E-01	-4.00E-02	
2.8375E-5	1.20E-01	-4.00E-02	
2.84E-5	1.20E-01	-4.00E-02	
2.8425E-5	1.20E-01	-4.00E-02	
2.845E-5	1.20E-01	-4.08E-02	
2.8475E-5	1.20E-01	-4.08E-02	
2.85E-5	1.20E-01	-4.08E-02	
2.8525E-5	1.20E-01	-4.08E-02	
2.855E-5	1.20E-01	-4.08E-02	
2.8575E-5	1.20E-01	-4.00E-02	
2.86E-5	1.20E-01	-4.00E-02	
2.8625E-5	1.20E-01	-4.00E-02	
2.865E-5	1.20E-01	-4.00E-02	
2.8675E-5	1.20E-01	-4.00E-02	
2.87E-5	1.20E-01	-4.00E-02	
2.8725E-5	1.20E-01	-4.00E-02	
2.875E-5	1.20E-01	-4.08E-02	
2.8775E-5	1.20E-01	-4.08E-02	
2.88E-5	1.20E-01	-4.08E-02	
2.8825E-5	1.20E-01	-4.08E-02	
2.885E-5	1.20E-01	-4.16E-02	
2.8875E-5	1.20E-01	-4.16E-02	
2.89E-5	8.00E-02	-4.16E-02	
2.8925E-5	8.00E-02	-4.16E-02	
2.895E-5	8.00E-02	-4.16E-02	
2.8975E-5	8.00E-02	-4.16E-02	
2.9E-5	8.00E-02	-4.24E-02	
2.9025E-5	8.00E-02	-4.24E-02	
2.905E-5	8.00E-02	-4.24E-02	
2.9075E-5	8.00E-02	-4.24E-02	
2.91E-5	8.00E-02	-4.24E-02	
2.9125E-5	8.00E-02	-4.24E-02	
2.915E-5	8.00E-02	-4.24E-02	
2.9175E-5	8.00E-02	-4.24E-02	
2.92E-5	8.00E-02	-4.24E-02	
2.9225E-5	8.00E-02	-4.24E-02	
2.925E-5	8.00E-02	-4.24E-02	
2.9275E-5	8.00E-02	-4.24E-02	
2.93E-5	8.00E-02	-4.24E-02	
2.9325E-5	8.00E-02	-4.24E-02	
2.935E-5	8.00E-02	-4.32E-02	
2.9375E-5	8.00E-02	-4.32E-02	
2.94E-5	8.00E-02	-4.32E-02	
2.9425E-5	8.00E-02	-4.32E-02	
2.945E-5	8.00E-02	-4.32E-02	
2.9475E-5	8.00E-02	-4.32E-02	
2.95E-5	8.00E-02	-4.40E-02	
2.9525E-5	8.00E-02	-4.40E-02	
2.955E-5	8.00E-02	-4.40E-02	
2.9575E-5	8.00E-02	-4.40E-02	
2.96E-5	8.00E-02	-4.48E-02	
2.9625E-5	8.00E-02	-4.48E-02	
2.965E-5	8.00E-02	-4.48E-02	
2.9675E-5	8.00E-02	-4.56E-02	
2.97E-5	8.00E-02	-4.56E-02	
2.9725E-5	8.00E-02	-4.56E-02	
2.975E-5	8.00E-02	-4.56E-02	
2.9775E-5	8.00E-02	-4.56E-02	
2.98E-5	4.00E-02	-4.64E-02	
2.9825E-5	4.00E-02	-4.64E-02	
2.985E-5	4.00E-02	-4.64E-02	
2.9875E-5	4.00E-02	-4.72E-02	
2.99E-5	4.00E-02	-4.72E-02	
2.9925E-5	4.00E-02	-4.72E-02	
2.995E-5	4.00E-02	-4.80E-02	
2.9975E-5	4.00E-02	-4.80E-02	
3.E-5	4.00E-02	-4.88E-02	
3.0025E-5	4.00E-02	-4.88E-02	
3.005E-5	8.00E-02	-4.96E-02	
3.0075E-5	4.00E-02	-4.96E-02	
3.01E-5	4.00E-02	-4.96E-02	
3.0125E-5	4.00E-02	-5.04E-02	
3.015E-5	4.00E-02	-5.04E-02	
3.0175E-5	4.00E-02	-5.12E-02	
3.02E-5	4.00E-02	-5.12E-02	
3.0225E-5	4.00E-02	-5.12E-02	
3.025E-5	4.00E-02	-5.20E-02	
3.0275E-5	4.00E-02	-5.20E-02	
3.03E-5	4.00E-02	-5.20E-02	
3.0325E-5	4.00E-02	-5.28E-02	
3.035E-5	4.00E-02	-5.28E-02	
3.0375E-5	4.00E-02	-5.28E-02	
3.04E-5	4.00E-02	-5.28E-02	
3.0425E-5	4.00E-02	-5.36E-02	
3.045E-5	4.00E-02	-5.36E-02	
3.0475E-5	4.00E-02	-5.36E-02	
3.05E-5	4.00E-02	-5.36E-02	
3.0525E-5	4.00E-02	-5.36E-02	
3.055E-5	4.00E-02	-5.36E-02	
3.0575E-5	4.00E-02	-5.36E-02	
3.06E-5	4.00E-02	-5.28E-02	
3.0625E-5	4.00E-02	-5.28E-02	
3.065E-5	4.00E-02	-5.28E-02	
3.0675E-5	4.00E-02	-5.28E-02	
3.07E-5	4.00E-02	-5.28E-02	
3.0725E-5	4.00E-02	-5.28E-02	
3.075E-5	4.00E-02	-5.28E-02	
3.0775E-5	4.00E-02	-5.28E-02	
3.08E-5	4.00E-02	-5.28E-02	
3.0825E-5	4.00E-02	-5.28E-02	
3.085E-5	4.00E-02	-5.28E-02	
3.0875E-5	4.00E-02	-5.28E-02	
3.09E-5	4.00E-02	-5.28E-02	
3.0925E-5	4.00E-02	-5.28E-02	
3.095E-5	4.00E-02	-5.20E-02	
3.0975E-5	4.00E-02	-5.20E-02	
3.1E-5	4.00E-02	-5.20E-02	
3.1025E-5	4.00E-02	-5.20E-02	
3.105E-5	4.00E-02	-5.20E-02	
3.1075E-5	4.00E-02	-5.20E-02	
3.11E-5	4.00E-02	-5.20E-02	
3.1125E-5	4.00E-02	-5.20E-02	
3.115E-5	4.00E-02	-5.20E-02	
3.1175E-5	4.00E-02	-5.20E-02	
3.12E-5	4.00E-02	-5.20E-02	
3.1225E-5	4.00E-02	-5.20E-02	
3.125E-5	4.00E-02	-5.20E-02	
3.1275E-5	4.00E-02	-5.20E-02	
3.13E-5	4.00E-02	-5.20E-02	
3.1325E-5	4.00E-02	-5.20E-02	
3.135E-5	4.00E-02	-5.20E-02	
3.1375E-5	4.00E-02	-5.20E-02	
3.14E-5	4.00E-02	-5.20E-02	
3.1425E-5	4.00E-02	-5.20E-02	
3.145E-5	4.00E-02	-5.20E-02	
3.1475E-5	4.00E-02	-5.12E-02	
3.15E-5	4.00E-02	-5.12E-02	
3.1525E-5	4.00E-02	-5.12E-02	
3.155E-5	4.00E-02	-5.04E-02	
3.1575E-5	4.00E-02	-5.04E-02	
3.16E-5	4.00E-02	-5.04E-02	
3.1625E-5	4.00E-02	-4.96E-02	
3.165E-5	4.00E-02	-4.96E-02	
3.1675E-5	4.00E-02	-4.88E-02	
3.17E-5	4.00E-02	-4.88E-02	
3.1725E-5	4.00E-02	-4.88E-02	
3.175E-5	4.00E-02	-4.88E-02	
3.1775E-5	4.00E-02	-4.80E-02	
3.18E-5	4.00E-02	-4.80E-02	
3.1825E-5	4.00E-02	-4.80E-02	
3.185E-5	4.00E-02	-4.80E-02	
3.1875E-5	4.00E-02	-4.80E-02	
3.19E-5	4.00E-02	-4.80E-02	
3.1925E-5	8.00E-02	-4.80E-02	
3.195E-5	8.00E-02	-4.80E-02	
3.1975E-5	8.00E-02	-4.80E-02	
3.2E-5	8.00E-02	-4.80E-02	
3.2025E-5	8.00E-02	-4.80E-02	
3.205E-5	8.00E-02	-4.88E-02	
3.2075E-5	8.00E-02	-4.88E-02	
3.21E-5	8.00E-02	-4.88E-02	
3.2125E-5	8.00E-02	-4.88E-02	
3.215E-5	8.00E-02	-4.88E-02	
3.2175E-5	8.00E-02	-4.80E-02	
3.22E-5	8.00E-02	-4.80E-02	
3.2225E-5	8.00E-02	-4.80E-02	
3.225E-5	8.00E-02	-4.80E-02	
3.2275E-5	8.00E-02	-4.80E-02	
3.23E-5	8.00E-02	-4.80E-02	
3.2325E-5	8.00E-02	-4.80E-02	
3.235E-5	8.00E-02	-4.80E-02	
3.2375E-5	8.00E-02	-4.72E-02	
3.24E-5	8.00E-02	-4.72E-02	
3.2425E-5	8.00E-02	-4.72E-02	
3.245E-5	8.00E-02	-4.64E-02	
3.2475E-5	8.00E-02	-4.64E-02	
3.25E-5	8.00E-02	-4.64E-02	
3.2525E-5	8.00E-02	-4.64E-02	
3.255E-5	8.00E-02	-4.56E-02	
3.2575E-5	8.00E-02	-4.56E-02	
3.26E-5	8.00E-02	-4.56E-02	
3.2625E-5	8.00E-02	-4.48E-02	
3.265E-5	8.00E-02	-4.48E-02	
3.2675E-5	8.00E-02	-4.40E-02	
3.27E-5	8.00E-02	-4.40E-02	
3.2725E-5	8.00E-02	-4.32E-02	
3.275E-5	8.00E-02	-4.32E-02	
3.2775E-5	8.00E-02	-4.24E-02	
3.28E-5	8.00E-02	-4.16E-02	
3.2825E-5	8.00E-02	-4.16E-02	
3.285E-5	8.00E-02	-4.08E-02	
3.2875E-5	8.00E-02	-4.08E-02	
3.29E-5	8.00E-02	-4.00E-02	
3.2925E-5	8.00E-02	-4.00E-02	
3.295E-5	8.00E-02	-3.92E-02	
3.2975E-5	8.00E-02	-3.92E-02	
3.3E-5	8.00E-02	-3.92E-02	
3.3025E-5	8.00E-02	-3.84E-02	
3.305E-5	8.00E-02	-3.84E-02	
3.3075E-5	8.00E-02	-3.84E-02	
3.31E-5	8.00E-02	-3.76E-02	
3.3125E-5	8.00E-02	-3.76E-02	
3.315E-5	8.00E-02	-3.76E-02	
3.3175E-5	8.00E-02	-3.68E-02	
3.32E-5	8.00E-02	-3.68E-02	
3.3225E-5	8.00E-02	-3.60E-02	
3.325E-5	8.00E-02	-3.60E-02	
3.3275E-5	8.00E-02	-3.60E-02	
3.33E-5	8.00E-02	-3.60E-02	
3.3325E-5	1.20E-01	-3.60E-02	
3.335E-5	1.20E-01	-3.60E-02	
3.3375E-5	1.20E-01	-3.60E-02	
3.34E-5	1.20E-01	-3.60E-02	
3.3425E-5	1.20E-01	-3.60E-02	
3.345E-5	1.20E-01	-3.52E-02	
3.3475E-5	1.20E-01	-3.60E-02	
3.35E-5	1.20E-01	-3.60E-02	
3.3525E-5	1.20E-01	-3.60E-02	
3.355E-5	1.20E-01	-3.68E-02	
3.3575E-5	1.20E-01	-3.68E-02	
3.36E-5	1.20E-01	-3.76E-02	
3.3625E-5	1.20E-01	-3.76E-02	
3.365E-5	1.20E-01	-3.84E-02	
3.3675E-5	1.20E-01	-3.84E-02	
3.37E-5	1.20E-01	-3.92E-02	
3.3725E-5	1.20E-01	-4.00E-02	
3.375E-5	1.20E-01	-4.00E-02	
3.3775E-5	1.20E-01	-4.00E-02	
3.38E-5	1.20E-01	-4.08E-02	
3.3825E-5	1.20E-01	-4.08E-02	
3.385E-5	1.20E-01	-4.08E-02	
3.3875E-5	1.20E-01	-4.08E-02	
3.39E-5	1.20E-01	-4.08E-02	
3.3925E-5	1.20E-01	-4.08E-02	
3.395E-5	1.20E-01	-4.08E-02	
3.3975E-5	1.20E-01	-4.08E-02	
3.4E-5	1.20E-01	-4.08E-02	
3.4025E-5	1.20E-01	-4.16E-02	
3.405E-5	1.20E-01	-4.16E-02	
3.4075E-5	1.20E-01	-4.16E-02	
3.41E-5	1.20E-01	-4.16E-02	
3.4125E-5	1.20E-01	-4.16E-02	
3.415E-5	1.20E-01	-4.16E-02	
3.4175E-5	1.60E-01	-4.16E-02	
3.42E-5	1.20E-01	-4.24E-02	
3.4225E-5	1.20E-01	-4.24E-02	
3.425E-5	1.20E-01	-4.24E-02	
3.4275E-5	1.20E-01	-4.24E-02	
3.43E-5	1.20E-01	-4.24E-02	
3.4325E-5	1.60E-01	-4.24E-02	
3.435E-5	1.20E-01	-4.32E-02	
3.4375E-5	1.60E-01	-4.32E-02	
3.44E-5	1.60E-01	-4.32E-02	
3.4425E-5	1.60E-01	-4.32E-02	
3.445E-5	1.60E-01	-4.32E-02	
3.4475E-5	1.60E-01	-4.32E-02	
3.45E-5	1.60E-01	-4.32E-02	
3.4525E-5	1.60E-01	-4.32E-02	
3.455E-5	1.60E-01	-4.32E-02	
3.4575E-5	1.60E-01	-4.32E-02	
3.46E-5	1.60E-01	-4.32E-02	
3.4625E-5	1.60E-01	-4.32E-02	
3.465E-5	1.20E-01	-4.32E-02	
3.4675E-5	1.20E-01	-4.24E-02	
3.47E-5	1.20E-01	-4.24E-02	
3.4725E-5	1.60E-01	-4.24E-02	
3.475E-5	1.60E-01	-4.24E-02	
3.4775E-5	1.60E-01	-4.16E-02	
3.48E-5	1.60E-01	-4.16E-02	
3.4825E-5	1.60E-01	-4.16E-02	
3.485E-5	1.60E-01	-4.16E-02	
3.4875E-5	1.60E-01	-4.16E-02	
3.49E-5	1.60E-01	-4.16E-02	
3.4925E-5	1.60E-01	-4.16E-02	
3.495E-5	1.60E-01	-4.16E-02	
3.4975E-5	1.60E-01	-4.24E-02	
3.5E-5	1.60E-01	-4.24E-02	
3.5025E-5	1.60E-01	-4.24E-02	
3.505E-5	1.60E-01	-4.32E-02	
3.5075E-5	1.60E-01	-4.32E-02	
3.51E-5	1.60E-01	-4.32E-02	
3.5125E-5	1.60E-01	-4.40E-02	
3.515E-5	1.60E-01	-4.40E-02	
3.5175E-5	1.60E-01	-4.48E-02	
3.52E-5	1.60E-01	-4.56E-02	
3.5225E-5	1.60E-01	-4.64E-02	
3.525E-5	1.60E-01	-4.64E-02	
3.5275E-5	1.60E-01	-4.72E-02	
3.53E-5	1.60E-01	-4.80E-02	
3.5325E-5	1.60E-01	-4.88E-02	
3.535E-5	1.60E-01	-4.88E-02	
3.5375E-5	1.60E-01	-4.96E-02	
3.54E-5	1.60E-01	-4.96E-02	
3.5425E-5	1.60E-01	-4.96E-02	
3.545E-5	1.60E-01	-5.04E-02	
3.5475E-5	1.60E-01	-5.04E-02	
3.55E-5	1.60E-01	-5.12E-02	
3.5525E-5	1.60E-01	-5.12E-02	
3.555E-5	1.60E-01	-5.20E-02	
3.5575E-5	1.60E-01	-5.20E-02	
3.56E-5	1.60E-01	-5.20E-02	
3.5625E-5	1.60E-01	-5.28E-02	
3.565E-5	1.60E-01	-5.36E-02	
3.5675E-5	1.60E-01	-5.36E-02	
3.57E-5	1.60E-01	-5.36E-02	
3.5725E-5	1.60E-01	-5.44E-02	
3.575E-5	1.60E-01	-5.44E-02	
3.5775E-5	1.60E-01	-5.44E-02	
3.58E-5	1.60E-01	-5.44E-02	
3.5825E-5	1.60E-01	-5.52E-02	
3.585E-5	1.60E-01	-5.52E-02	
3.5875E-5	1.60E-01	-5.44E-02	
3.59E-5	1.60E-01	-5.44E-02	
3.5925E-5	1.60E-01	-5.44E-02	
3.595E-5	1.60E-01	-5.44E-02	
3.5975E-5	1.60E-01	-5.36E-02	
3.6E-5	1.60E-01	-5.36E-02	
3.6025E-5	1.60E-01	-5.36E-02	
3.605E-5	1.60E-01	-5.28E-02	
3.6075E-5	1.60E-01	-5.28E-02	
3.61E-5	1.20E-01	-5.28E-02	
3.6125E-5	1.60E-01	-5.20E-02	
3.615E-5	1.20E-01	-5.20E-02	
3.6175E-5	1.20E-01	-5.12E-02	
3.62E-5	1.20E-01	-5.12E-02	
3.6225E-5	1.20E-01	-5.04E-02	
3.625E-5	1.20E-01	-4.96E-02	
3.6275E-5	1.20E-01	-4.96E-02	
3.63E-5	1.20E-01	-4.88E-02	
3.6325E-5	1.20E-01	-4.80E-02	
3.635E-5	1.20E-01	-4.80E-02	
3.6375E-5	1.20E-01	-4.72E-02	
3.64E-5	1.20E-01	-4.72E-02	
3.6425E-5	1.20E-01	-4.64E-02	
3.645E-5	1.20E-01	-4.64E-02	
3.6475E-5	1.20E-01	-4.56E-02	
3.65E-5	1.20E-01	-4.56E-02	
3.6525E-5	1.20E-01	-4.56E-02	
3.655E-5	1.20E-01	-4.56E-02	
3.6575E-5	1.20E-01	-4.48E-02	
3.66E-5	1.20E-01	-4.48E-02	
3.6625E-5	1.20E-01	-4.48E-02	
3.665E-5	1.20E-01	-4.48E-02	
3.6675E-5	1.20E-01	-4.48E-02	
3.67E-5	1.20E-01	-4.48E-02	
3.6725E-5	1.20E-01	-4.48E-02	
3.675E-5	1.20E-01	-4.48E-02	
3.6775E-5	1.20E-01	-4.48E-02	
3.68E-5	1.20E-01	-4.48E-02	
3.6825E-5	1.20E-01	-4.48E-02	
3.685E-5	1.20E-01	-4.48E-02	
3.6875E-5	1.20E-01	-4.48E-02	
3.69E-5	1.20E-01	-4.56E-02	
3.6925E-5	1.20E-01	-4.56E-02	
3.695E-5	1.20E-01	-4.56E-02	
3.6975E-5	1.20E-01	-4.56E-02	
3.7E-5	1.20E-01	-4.56E-02	
3.7025E-5	1.20E-01	-4.56E-02	
3.705E-5	1.20E-01	-4.56E-02	
3.7075E-5	1.20E-01	-4.56E-02	
3.71E-5	1.20E-01	-4.56E-02	
3.7125E-5	1.20E-01	-4.64E-02	
3.715E-5	1.20E-01	-4.64E-02	
3.7175E-5	1.20E-01	-4.64E-02	
3.72E-5	1.20E-01	-4.64E-02	
3.7225E-5	1.20E-01	-4.64E-02	
3.725E-5	1.20E-01	-4.64E-02	
3.7275E-5	1.20E-01	-4.64E-02	
3.73E-5	1.20E-01	-4.72E-02	
3.7325E-5	1.20E-01	-4.72E-02	
3.735E-5	1.20E-01	-4.72E-02	
3.7375E-5	1.20E-01	-4.72E-02	
3.74E-5	1.20E-01	-4.72E-02	
3.7425E-5	1.20E-01	-4.72E-02	
3.745E-5	8.00E-02	-4.72E-02	
3.7475E-5	8.00E-02	-4.72E-02	
3.75E-5	8.00E-02	-4.72E-02	
3.7525E-5	8.00E-02	-4.72E-02	
3.755E-5	8.00E-02	-4.72E-02	
3.7575E-5	8.00E-02	-4.64E-02	
3.76E-5	8.00E-02	-4.64E-02	
3.7625E-5	8.00E-02	-4.56E-02	
3.765E-5	8.00E-02	-4.56E-02	
3.7675E-5	8.00E-02	-4.48E-02	
3.77E-5	8.00E-02	-4.48E-02	
3.7725E-5	8.00E-02	-4.40E-02	
3.775E-5	8.00E-02	-4.32E-02	
3.7775E-5	8.00E-02	-4.32E-02	
3.78E-5	8.00E-02	-4.24E-02	
3.7825E-5	8.00E-02	-4.24E-02	
3.785E-5	8.00E-02	-4.16E-02	
3.7875E-5	8.00E-02	-4.08E-02	
3.79E-5	8.00E-02	-4.08E-02	
3.7925E-5	8.00E-02	-4.00E-02	
3.795E-5	8.00E-02	-4.00E-02	
3.7975E-5	8.00E-02	-4.00E-02	
3.8E-5	8.00E-02	-4.00E-02	
3.8025E-5	8.00E-02	-4.00E-02	
3.805E-5	8.00E-02	-4.00E-02	
3.8075E-5	8.00E-02	-4.00E-02	
3.81E-5	8.00E-02	-4.00E-02	
3.8125E-5	8.00E-02	-4.00E-02	
3.815E-5	8.00E-02	-4.00E-02	
3.8175E-5	8.00E-02	-4.00E-02	
3.82E-5	8.00E-02	-4.00E-02	
3.8225E-5	8.00E-02	-4.00E-02	
3.825E-5	8.00E-02	-4.00E-02	
3.8275E-5	8.00E-02	-4.00E-02	
3.83E-5	8.00E-02	-4.00E-02	
3.8325E-5	8.00E-02	-4.00E-02	
3.835E-5	8.00E-02	-4.00E-02	
3.8375E-5	8.00E-02	-4.00E-02	
3.84E-5	8.00E-02	-4.00E-02	
3.8425E-5	8.00E-02	-4.00E-02	
3.845E-5	8.00E-02	-4.00E-02	
3.8475E-5	8.00E-02	-4.00E-02	
3.85E-5	8.00E-02	-4.00E-02	
3.8525E-5	8.00E-02	-4.00E-02	
3.855E-5	8.00E-02	-4.00E-02	
3.8575E-5	8.00E-02	-4.08E-02	
3.86E-5	8.00E-02	-4.08E-02	
3.8625E-5	8.00E-02	-4.08E-02	
3.865E-5	8.00E-02	-4.16E-02	
3.8675E-5	8.00E-02	-4.16E-02	
3.87E-5	8.00E-02	-4.16E-02	
3.8725E-5	8.00E-02	-4.16E-02	
3.875E-5	8.00E-02	-4.16E-02	
3.8775E-5	8.00E-02	-4.24E-02	
3.88E-5	8.00E-02	-4.24E-02	
3.8825E-5	8.00E-02	-4.24E-02	
3.885E-5	8.00E-02	-4.32E-02	
3.8875E-5	8.00E-02	-4.32E-02	
3.89E-5	8.00E-02	-4.32E-02	
3.8925E-5	8.00E-02	-4.32E-02	
3.895E-5	8.00E-02	-4.32E-02	
3.8975E-5	8.00E-02	-4.32E-02	
3.9E-5	8.00E-02	-4.32E-02	
3.9025E-5	8.00E-02	-4.32E-02	
3.905E-5	4.00E-02	-4.32E-02	
3.9075E-5	4.00E-02	-4.32E-02	
3.91E-5	4.00E-02	-4.24E-02	
3.9125E-5	4.00E-02	-4.24E-02	
3.915E-5	4.00E-02	-4.24E-02	
3.9175E-5	4.00E-02	-4.24E-02	
3.92E-5	4.00E-02	-4.24E-02	
3.9225E-5	4.00E-02	-4.16E-02	
3.925E-5	4.00E-02	-4.16E-02	
3.9275E-5	4.00E-02	-4.16E-02	
3.93E-5	4.00E-02	-4.08E-02	
3.9325E-5	4.00E-02	-4.08E-02	
3.935E-5	4.00E-02	-4.00E-02	
3.9375E-5	4.00E-02	-4.00E-02	
3.94E-5	4.00E-02	-4.00E-02	
3.9425E-5	4.00E-02	-3.92E-02	
3.945E-5	4.00E-02	-3.92E-02	
3.9475E-5	4.00E-02	-3.84E-02	
3.95E-5	4.00E-02	-3.76E-02	
3.9525E-5	4.00E-02	-3.76E-02	
3.955E-5	4.00E-02	-3.76E-02	
3.9575E-5	4.00E-02	-3.68E-02	
3.96E-5	4.00E-02	-3.68E-02	
3.9625E-5	4.00E-02	-3.68E-02	
3.965E-5	4.00E-02	-3.68E-02	
3.9675E-5	4.00E-02	-3.68E-02	
3.97E-5	4.00E-02	-3.68E-02	
3.9725E-5	4.00E-02	-3.68E-02	
3.975E-5	4.00E-02	-3.68E-02	
3.9775E-5	4.00E-02	-3.68E-02	
3.98E-5	4.00E-02	-3.68E-02	
3.9825E-5	4.00E-02	-3.68E-02	
3.985E-5	4.00E-02	-3.76E-02	
3.9875E-5	4.00E-02	-3.76E-02	
3.99E-5	8.00E-02	-3.84E-02	
3.9925E-5	4.00E-02	-3.84E-02	
3.995E-5	8.00E-02	-3.92E-02	
3.9975E-5	8.00E-02	-4.00E-02	
4.E-5	8.00E-02	-4.00E-02	
4.0025E-5	8.00E-02	-4.08E-02	
4.005E-5	8.00E-02	-4.16E-02	
4.0075E-5	8.00E-02	-4.24E-02	
4.01E-5	8.00E-02	-4.32E-02	
4.0125E-5	8.00E-02	-4.32E-02	
4.015E-5	8.00E-02	-4.40E-02	
4.0175E-5	8.00E-02	-4.48E-02	
4.02E-5	8.00E-02	-4.56E-02	
4.0225E-5	8.00E-02	-4.56E-02	
4.025E-5	8.00E-02	-4.64E-02	
4.0275E-5	8.00E-02	-4.64E-02	
4.03E-5	8.00E-02	-4.72E-02	
4.0325E-5	8.00E-02	-4.72E-02	
4.035E-5	8.00E-02	-4.80E-02	
4.0375E-5	8.00E-02	-4.80E-02	
4.04E-5	8.00E-02	-4.88E-02	
4.0425E-5	8.00E-02	-4.88E-02	
4.045E-5	8.00E-02	-4.88E-02	
4.0475E-5	8.00E-02	-4.96E-02	
4.05E-5	8.00E-02	-4.96E-02	
4.0525E-5	8.00E-02	-4.96E-02	
4.055E-5	8.00E-02	-4.96E-02	
4.0575E-5	8.00E-02	-4.96E-02	
4.06E-5	8.00E-02	-4.96E-02	
4.0625E-5	8.00E-02	-4.96E-02	
4.065E-5	8.00E-02	-4.96E-02	
4.0675E-5	8.00E-02	-4.96E-02	
4.07E-5	8.00E-02	-5.04E-02	
4.0725E-5	8.00E-02	-5.04E-02	
4.075E-5	8.00E-02	-5.04E-02	
4.0775E-5	8.00E-02	-5.12E-02	
4.08E-5	8.00E-02	-5.12E-02	
4.0825E-5	8.00E-02	-5.12E-02	
4.085E-5	8.00E-02	-5.12E-02	
4.0875E-5	8.00E-02	-5.20E-02	
4.09E-5	8.00E-02	-5.20E-02	
4.0925E-5	8.00E-02	-5.20E-02	
4.095E-5	8.00E-02	-5.20E-02	
4.0975E-5	8.00E-02	-5.28E-02	
4.1E-5	8.00E-02	-5.28E-02	
4.1025E-5	8.00E-02	-5.28E-02	
4.105E-5	8.00E-02	-5.28E-02	
4.1075E-5	8.00E-02	-5.28E-02	
4.11E-5	8.00E-02	-5.28E-02	
4.1125E-5	8.00E-02	-5.28E-02	
4.115E-5	8.00E-02	-5.28E-02	
4.1175E-5	8.00E-02	-5.20E-02	
4.12E-5	8.00E-02	-5.20E-02	
4.1225E-5	8.00E-02	-5.20E-02	
4.125E-5	8.00E-02	-5.20E-02	
4.1275E-5	8.00E-02	-5.20E-02	
4.13E-5	8.00E-02	-5.28E-02	
4.1325E-5	8.00E-02	-5.28E-02	
4.135E-5	8.00E-02	-5.28E-02	
4.1375E-5	1.20E-01	-5.28E-02	
4.14E-5	1.20E-01	-5.28E-02	
4.1425E-5	1.20E-01	-5.28E-02	
4.145E-5	1.20E-01	-5.36E-02	
4.1475E-5	1.20E-01	-5.36E-02	
4.15E-5	1.20E-01	-5.36E-02	
4.1525E-5	1.20E-01	-5.36E-02	
4.155E-5	1.20E-01	-5.36E-02	
4.1575E-5	1.20E-01	-5.28E-02	
4.16E-5	1.20E-01	-5.28E-02	
4.1625E-5	1.20E-01	-5.28E-02	
4.165E-5	1.20E-01	-5.28E-02	
4.1675E-5	1.20E-01	-5.28E-02	
4.17E-5	1.20E-01	-5.28E-02	
4.1725E-5	1.20E-01	-5.28E-02	
4.175E-5	1.20E-01	-5.28E-02	
4.1775E-5	1.20E-01	-5.20E-02	
4.18E-5	1.20E-01	-5.20E-02	
4.1825E-5	1.20E-01	-5.20E-02	
4.185E-5	1.20E-01	-5.20E-02	
4.1875E-5	1.20E-01	-5.20E-02	
4.19E-5	1.20E-01	-5.12E-02	
4.1925E-5	1.20E-01	-5.12E-02	
4.195E-5	1.20E-01	-5.12E-02	
4.1975E-5	1.20E-01	-5.04E-02	
4.2E-5	1.20E-01	-5.04E-02	
4.2025E-5	1.20E-01	-5.04E-02	
4.205E-5	1.20E-01	-5.04E-02	
4.2075E-5	1.20E-01	-5.04E-02	
4.21E-5	1.20E-01	-5.04E-02	
4.2125E-5	1.20E-01	-4.96E-02	
4.215E-5	1.20E-01	-4.96E-02	
4.2175E-5	1.20E-01	-4.88E-02	
4.22E-5	1.20E-01	-4.88E-02	
4.2225E-5	1.20E-01	-4.88E-02	
4.225E-5	1.20E-01	-4.80E-02	
4.2275E-5	1.20E-01	-4.80E-02	
4.23E-5	1.20E-01	-4.72E-02	
4.2325E-5	1.20E-01	-4.72E-02	
4.235E-5	1.20E-01	-4.64E-02	
4.2375E-5	1.20E-01	-4.64E-02	
4.24E-5	1.20E-01	-4.64E-02	
4.2425E-5	1.20E-01	-4.56E-02	
4.245E-5	1.20E-01	-4.56E-02	
4.2475E-5	1.20E-01	-4.56E-02	
4.25E-5	1.20E-01	-4.56E-02	
4.2525E-5	1.20E-01	-4.56E-02	
4.255E-5	1.20E-01	-4.48E-02	
4.2575E-5	1.20E-01	-4.48E-02	
4.26E-5	1.20E-01	-4.48E-02	
4.2625E-5	1.20E-01	-4.48E-02	
4.265E-5	1.20E-01	-4.48E-02	
4.2675E-5	1.20E-01	-4.40E-02	
4.27E-5	1.60E-01	-4.40E-02	
4.2725E-5	1.60E-01	-4.40E-02	
4.275E-5	1.60E-01	-4.40E-02	
4.2775E-5	1.60E-01	-4.32E-02	
4.28E-5	1.60E-01	-4.32E-02	
4.2825E-5	1.60E-01	-4.32E-02	
4.285E-5	1.60E-01	-4.32E-02	
4.2875E-5	1.60E-01	-4.32E-02	
4.29E-5	1.60E-01	-4.32E-02	
4.2925E-5	1.60E-01	-4.32E-02	
4.295E-5	1.60E-01	-4.32E-02	
4.2975E-5	1.60E-01	-4.24E-02	
4.3E-5	1.60E-01	-4.24E-02	
4.3025E-5	1.60E-01	-4.24E-02	
4.305E-5	1.60E-01	-4.24E-02	
4.3075E-5	1.60E-01	-4.16E-02	
4.31E-5	1.60E-01	-4.16E-02	
4.3125E-5	1.60E-01	-4.16E-02	
4.315E-5	1.60E-01	-4.16E-02	
4.3175E-5	1.60E-01	-4.16E-02	
4.32E-5	1.60E-01	-4.16E-02	
4.3225E-5	1.60E-01	-4.16E-02	
4.325E-5	1.60E-01	-4.16E-02	
4.3275E-5	1.60E-01	-4.08E-02	
4.33E-5	1.60E-01	-4.08E-02	
4.3325E-5	1.60E-01	-4.08E-02	
4.335E-5	1.60E-01	-4.08E-02	
4.3375E-5	1.60E-01	-4.00E-02	
4.34E-5	1.20E-01	-4.00E-02	
4.3425E-5	1.60E-01	-4.00E-02	
4.345E-5	1.60E-01	-4.00E-02	
4.3475E-5	1.60E-01	-4.00E-02	
4.35E-5	1.60E-01	-3.92E-02	
4.3525E-5	1.60E-01	-3.92E-02	
4.355E-5	1.60E-01	-3.92E-02	
4.3575E-5	1.60E-01	-3.92E-02	
4.36E-5	1.20E-01	-3.84E-02	
4.3625E-5	1.60E-01	-3.84E-02	
4.365E-5	1.20E-01	-3.84E-02	
4.3675E-5	1.60E-01	-3.84E-02	
4.37E-5	1.60E-01	-3.76E-02	
4.3725E-5	1.60E-01	-3.76E-02	
4.375E-5	1.60E-01	-3.76E-02	
4.3775E-5	1.60E-01	-3.76E-02	
4.38E-5	1.60E-01	-3.76E-02	
4.3825E-5	1.60E-01	-3.84E-02	
4.385E-5	1.60E-01	-3.84E-02	
4.3875E-5	1.60E-01	-3.84E-02	
4.39E-5	1.60E-01	-3.84E-02	
4.3925E-5	1.60E-01	-3.84E-02	
4.395E-5	1.60E-01	-3.84E-02	
4.3975E-5	1.60E-01	-3.84E-02	
4.4E-5	1.60E-01	-3.84E-02	
4.4025E-5	1.60E-01	-3.84E-02	
4.405E-5	1.60E-01	-3.92E-02	
4.4075E-5	1.60E-01	-3.92E-02	
4.41E-5	1.60E-01	-3.92E-02	
4.4125E-5	1.60E-01	-3.92E-02	
4.415E-5	1.60E-01	-4.00E-02	
4.4175E-5	1.60E-01	-4.00E-02	
4.42E-5	1.60E-01	-4.00E-02	
4.4225E-5	1.60E-01	-4.08E-02	
4.425E-5	1.60E-01	-4.08E-02	
4.4275E-5	1.60E-01	-4.08E-02	
4.43E-5	1.60E-01	-4.08E-02	
4.4325E-5	1.60E-01	-4.08E-02	
4.435E-5	1.20E-01	-4.08E-02	
4.4375E-5	1.60E-01	-4.08E-02	
4.44E-5	1.60E-01	-4.08E-02	
4.4425E-5	1.60E-01	-4.16E-02	
4.445E-5	1.20E-01	-4.16E-02	
4.4475E-5	1.20E-01	-4.16E-02	
4.45E-5	1.20E-01	-4.16E-02	
4.4525E-5	1.20E-01	-4.08E-02	
4.455E-5	1.20E-01	-4.08E-02	
4.4575E-5	1.20E-01	-4.08E-02	
4.46E-5	1.20E-01	-4.08E-02	
4.4625E-5	1.20E-01	-4.08E-02	
4.465E-5	1.20E-01	-4.08E-02	
4.4675E-5	1.20E-01	-4.08E-02	
4.47E-5	1.20E-01	-4.08E-02	
4.4725E-5	1.20E-01	-4.16E-02	
4.475E-5	1.20E-01	-4.16E-02	
4.4775E-5	1.20E-01	-4.16E-02	
4.48E-5	1.20E-01	-4.16E-02	
4.4825E-5	1.20E-01	-4.16E-02	
4.485E-5	1.20E-01	-4.16E-02	
4.4875E-5	1.20E-01	-4.24E-02	
4.49E-5	1.20E-01	-4.24E-02	
4.4925E-5	1.20E-01	-4.24E-02	
4.495E-5	1.20E-01	-4.32E-02	
4.4975E-5	1.20E-01	-4.32E-02	
4.5E-5	1.20E-01	-4.32E-02	
4.5025E-5	1.20E-01	-4.32E-02	
4.505E-5	1.20E-01	-4.40E-02	
4.5075E-5	1.20E-01	-4.40E-02	
4.51E-5	1.20E-01	-4.40E-02	
4.5125E-5	1.20E-01	-4.40E-02	
4.515E-5	1.20E-01	-4.40E-02	
4.5175E-5	1.20E-01	-4.40E-02	
4.52E-5	1.20E-01	-4.40E-02	
4.5225E-5	1.20E-01	-4.48E-02	
4.525E-5	1.20E-01	-4.48E-02	
4.5275E-5	1.20E-01	-4.48E-02	
4.53E-5	1.20E-01	-4.48E-02	
4.5325E-5	1.20E-01	-4.48E-02	
4.535E-5	1.20E-01	-4.56E-02	
4.5375E-5	1.20E-01	-4.56E-02	
4.54E-5	1.20E-01	-4.56E-02	
4.5425E-5	1.20E-01	-4.56E-02	
4.545E-5	1.20E-01	-4.56E-02	
4.5475E-5	1.20E-01	-4.56E-02	
4.55E-5	1.20E-01	-4.56E-02	
4.5525E-5	1.20E-01	-4.56E-02	
4.555E-5	1.20E-01	-4.56E-02	
4.5575E-5	1.20E-01	-4.64E-02	
4.56E-5	1.20E-01	-4.64E-02	
4.5625E-5	1.20E-01	-4.64E-02	
4.565E-5	1.20E-01	-4.72E-02	
4.5675E-5	1.20E-01	-4.72E-02	
4.57E-5	1.20E-01	-4.80E-02	
4.5725E-5	1.20E-01	-4.80E-02	
4.575E-5	1.20E-01	-4.80E-02	
4.5775E-5	1.20E-01	-4.88E-02	
4.58E-5	1.20E-01	-4.88E-02	
4.5825E-5	1.20E-01	-4.88E-02	
4.585E-5	1.20E-01	-4.88E-02	
4.5875E-5	1.20E-01	-4.88E-02	
4.59E-5	1.20E-01	-4.96E-02	
4.5925E-5	1.20E-01	-4.96E-02	
4.595E-5	1.20E-01	-4.96E-02	
4.5975E-5	1.20E-01	-4.96E-02	
4.6E-5	1.20E-01	-4.88E-02	
4.6025E-5	8.00E-02	-4.88E-02	
4.605E-5	8.00E-02	-4.88E-02	
4.6075E-5	1.20E-01	-4.88E-02	
4.61E-5	8.00E-02	-4.88E-02	
4.6125E-5	8.00E-02	-4.88E-02	
4.615E-5	8.00E-02	-4.88E-02	
4.6175E-5	8.00E-02	-4.88E-02	
4.62E-5	8.00E-02	-4.88E-02	
4.6225E-5	8.00E-02	-4.88E-02	
4.625E-5	8.00E-02	-4.88E-02	
4.6275E-5	8.00E-02	-4.88E-02	
4.63E-5	8.00E-02	-4.88E-02	
4.6325E-5	8.00E-02	-4.88E-02	
4.635E-5	8.00E-02	-4.88E-02	
4.6375E-5	8.00E-02	-4.88E-02	
4.64E-5	8.00E-02	-4.88E-02	
4.6425E-5	8.00E-02	-4.88E-02	
4.645E-5	8.00E-02	-4.88E-02	
4.6475E-5	8.00E-02	-4.88E-02	
4.65E-5	8.00E-02	-4.88E-02	
4.6525E-5	8.00E-02	-4.88E-02	
4.655E-5	8.00E-02	-4.88E-02	
4.6575E-5	8.00E-02	-4.88E-02	
4.66E-5	8.00E-02	-4.80E-02	
4.6625E-5	8.00E-02	-4.80E-02	
4.665E-5	8.00E-02	-4.80E-02	
4.6675E-5	8.00E-02	-4.80E-02	
4.67E-5	8.00E-02	-4.80E-02	
4.6725E-5	8.00E-02	-4.80E-02	
4.675E-5	8.00E-02	-4.80E-02	
4.6775E-5	8.00E-02	-4.80E-02	
4.68E-5	8.00E-02	-4.88E-02	
4.6825E-5	8.00E-02	-4.88E-02	
4.685E-5	8.00E-02	-4.88E-02	
4.6875E-5	8.00E-02	-4.88E-02	
4.69E-5	8.00E-02	-4.88E-02	
4.6925E-5	8.00E-02	-4.88E-02	
4.695E-5	8.00E-02	-4.88E-02	
4.6975E-5	8.00E-02	-4.88E-02	
4.7E-5	8.00E-02	-4.96E-02	
4.7025E-5	8.00E-02	-4.96E-02	
4.705E-5	8.00E-02	-4.96E-02	
4.7075E-5	8.00E-02	-4.96E-02	
4.71E-5	8.00E-02	-4.96E-02	
4.7125E-5	8.00E-02	-4.96E-02	
4.715E-5	8.00E-02	-4.96E-02	
4.7175E-5	8.00E-02	-4.96E-02	
4.72E-5	8.00E-02	-4.96E-02	
4.7225E-5	8.00E-02	-4.96E-02	
4.725E-5	8.00E-02	-4.96E-02	
4.7275E-5	8.00E-02	-4.96E-02	
4.73E-5	8.00E-02	-4.96E-02	
4.7325E-5	8.00E-02	-4.88E-02	
4.735E-5	8.00E-02	-4.88E-02	
4.7375E-5	8.00E-02	-4.88E-02	
4.74E-5	8.00E-02	-4.80E-02	
4.7425E-5	8.00E-02	-4.80E-02	
4.745E-5	8.00E-02	-4.80E-02	
4.7475E-5	8.00E-02	-4.72E-02	
4.75E-5	8.00E-02	-4.72E-02	
4.7525E-5	8.00E-02	-4.64E-02	
4.755E-5	8.00E-02	-4.64E-02	
4.7575E-5	8.00E-02	-4.56E-02	
4.76E-5	8.00E-02	-4.56E-02	
4.7625E-5	8.00E-02	-4.56E-02	
4.765E-5	8.00E-02	-4.48E-02	
4.7675E-5	8.00E-02	-4.48E-02	
4.77E-5	8.00E-02	-4.40E-02	
4.7725E-5	8.00E-02	-4.40E-02	
4.775E-5	8.00E-02	-4.40E-02	
4.7775E-5	8.00E-02	-4.40E-02	
4.78E-5	8.00E-02	-4.32E-02	
4.7825E-5	8.00E-02	-4.32E-02	
4.785E-5	8.00E-02	-4.32E-02	
4.7875E-5	8.00E-02	-4.32E-02	
4.79E-5	8.00E-02	-4.32E-02	
4.7925E-5	8.00E-02	-4.32E-02	
4.795E-5	8.00E-02	-4.32E-02	
4.7975E-5	8.00E-02	-4.24E-02	
4.8E-5	8.00E-02	-4.24E-02	
4.8025E-5	8.00E-02	-4.24E-02	
4.805E-5	8.00E-02	-4.24E-02	
4.8075E-5	8.00E-02	-4.24E-02	
4.81E-5	8.00E-02	-4.24E-02	
4.8125E-5	8.00E-02	-4.32E-02	
4.815E-5	8.00E-02	-4.32E-02	
4.8175E-5	8.00E-02	-4.32E-02	
4.82E-5	8.00E-02	-4.32E-02	
4.8225E-5	8.00E-02	-4.40E-02	
4.825E-5	8.00E-02	-4.40E-02	
4.8275E-5	8.00E-02	-4.40E-02	
4.83E-5	8.00E-02	-4.40E-02	
4.8325E-5	8.00E-02	-4.40E-02	
4.835E-5	8.00E-02	-4.40E-02	
4.8375E-5	8.00E-02	-4.40E-02	
4.84E-5	8.00E-02	-4.40E-02	
4.8425E-5	8.00E-02	-4.40E-02	
4.845E-5	8.00E-02	-4.32E-02	
4.8475E-5	8.00E-02	-4.32E-02	
4.85E-5	8.00E-02	-4.32E-02	
4.8525E-5	8.00E-02	-4.24E-02	
4.855E-5	8.00E-02	-4.24E-02	
4.8575E-5	8.00E-02	-4.24E-02	
4.86E-5	8.00E-02	-4.16E-02	
4.8625E-5	8.00E-02	-4.16E-02	
4.865E-5	8.00E-02	-4.16E-02	
4.8675E-5	8.00E-02	-4.16E-02	
4.87E-5	8.00E-02	-4.16E-02	
4.8725E-5	8.00E-02	-4.16E-02	
4.875E-5	8.00E-02	-4.24E-02	
4.8775E-5	8.00E-02	-4.24E-02	
4.88E-5	8.00E-02	-4.24E-02	
4.8825E-5	8.00E-02	-4.24E-02	
4.885E-5	8.00E-02	-4.24E-02	
4.8875E-5	8.00E-02	-4.24E-02	
4.89E-5	8.00E-02	-4.24E-02	
4.8925E-5	8.00E-02	-4.24E-02	
4.895E-5	8.00E-02	-4.24E-02	
4.8975E-5	8.00E-02	-4.24E-02	
4.9E-5	8.00E-02	-4.24E-02	
4.9025E-5	8.00E-02	-4.24E-02	
4.905E-5	8.00E-02	-4.24E-02	
4.9075E-5	8.00E-02	-4.16E-02	
4.91E-5	8.00E-02	-4.16E-02	
4.9125E-5	8.00E-02	-4.16E-02	
4.915E-5	8.00E-02	-4.16E-02	
4.9175E-5	8.00E-02	-4.08E-02	
4.92E-5	8.00E-02	-4.08E-02	
4.9225E-5	8.00E-02	-4.00E-02	
4.925E-5	8.00E-02	-4.00E-02	
4.9275E-5	8.00E-02	-4.00E-02	
4.93E-5	8.00E-02	-4.00E-02	
4.9325E-5	8.00E-02	-4.00E-02	
4.935E-5	8.00E-02	-3.92E-02	
4.9375E-5	8.00E-02	-3.92E-02	
4.94E-5	8.00E-02	-3.92E-02	
4.9425E-5	8.00E-02	-3.92E-02	
4.945E-5	8.00E-02	-3.92E-02	
4.9475E-5	8.00E-02	-4.00E-02	
4.95E-5	8.00E-02	-4.00E-02	
4.9525E-5	8.00E-02	-4.00E-02	
4.955E-5	8.00E-02	-4.00E-02	
4.9575E-5	8.00E-02	-4.00E-02	
4.96E-5	8.00E-02	-4.00E-02	
4.9625E-5	8.00E-02	-4.00E-02	
4.965E-5	8.00E-02	-4.00E-02	
4.9675E-5	8.00E-02	-4.00E-02	
4.97E-5	8.00E-02	-4.00E-02	
4.9725E-5	8.00E-02	-4.00E-02	
4.975E-5	8.00E-02	-4.00E-02	
4.9775E-5	8.00E-02	-4.00E-02	
4.98E-5	8.00E-02	-4.00E-02	
4.9825E-5	8.00E-02	-4.00E-02	
4.985E-5	8.00E-02	-3.92E-02	
4.9875E-5	8.00E-02	-3.92E-02	
4.99E-5	8.00E-02	-3.92E-02	
4.9925E-5	8.00E-02	-3.92E-02	
4.995E-5	8.00E-02	-3.92E-02	
4.9975E-5	8.00E-02	-3.92E-02	
5.E-5	8.00E-02	-3.92E-02	
5.0025E-5	8.00E-02	-4.00E-02	
5.005E-5	8.00E-02	-4.00E-02	
5.0075E-5	1.20E-01	-4.00E-02	
5.01E-5	8.00E-02	-4.00E-02	
5.0125E-5	1.20E-01	-4.08E-02	
5.015E-5	1.20E-01	-4.08E-02	
5.0175E-5	1.20E-01	-4.08E-02	
5.02E-5	1.20E-01	-4.16E-02	
5.0225E-5	1.20E-01	-4.16E-02	
5.025E-5	1.20E-01	-4.24E-02	
5.0275E-5	1.20E-01	-4.24E-02	
5.03E-5	1.20E-01	-4.24E-02	
5.0325E-5	1.20E-01	-4.32E-02	
5.035E-5	1.20E-01	-4.32E-02	
5.0375E-5	1.20E-01	-4.32E-02	
5.04E-5	1.20E-01	-4.40E-02	
5.0425E-5	1.20E-01	-4.40E-02	
5.045E-5	1.20E-01	-4.40E-02	
5.0475E-5	1.20E-01	-4.40E-02	
5.05E-5	1.20E-01	-4.40E-02	
5.0525E-5	1.20E-01	-4.40E-02	
5.055E-5	1.20E-01	-4.48E-02	
5.0575E-5	1.20E-01	-4.48E-02	
5.06E-5	1.20E-01	-4.48E-02	
5.0625E-5	1.20E-01	-4.48E-02	
5.065E-5	1.20E-01	-4.56E-02	
5.0675E-5	1.20E-01	-4.56E-02	
5.07E-5	1.20E-01	-4.56E-02	
5.0725E-5	1.20E-01	-4.56E-02	
5.075E-5	1.20E-01	-4.64E-02	
5.0775E-5	1.20E-01	-4.64E-02	
5.08E-5	1.20E-01	-4.64E-02	
5.0825E-5	1.20E-01	-4.64E-02	
5.085E-5	1.20E-01	-4.64E-02	
5.0875E-5	1.20E-01	-4.64E-02	
5.09E-5	1.20E-01	-4.64E-02	
5.0925E-5	1.20E-01	-4.64E-02	
5.095E-5	1.20E-01	-4.64E-02	
5.0975E-5	1.20E-01	-4.64E-02	
5.1E-5	1.20E-01	-4.64E-02	
5.1025E-5	1.20E-01	-4.64E-02	
5.105E-5	1.20E-01	-4.64E-02	
5.1075E-5	1.20E-01	-4.64E-02	
5.11E-5	1.20E-01	-4.72E-02	
5.1125E-5	1.20E-01	-4.72E-02	
