Time in s	CH I in Volt	CH II in Volt	
0.E+0	-1.00E-01	8.00E-02	
5.E-7	-1.60E-01	8.00E-02	
1.E-6	-1.40E-01	8.00E-02	
1.5E-6	-6.00E-02	8.00E-02	
2.E-6	-6.00E-02	8.00E-02	
2.5E-6	-1.20E-01	8.00E-02	
3.E-6	-1.40E-01	8.00E-02	
3.5E-6	-1.40E-01	8.00E-02	
4.E-6	-1.20E-01	8.00E-02	
4.5E-6	-1.00E-01	8.00E-02	
5.E-6	-8.00E-02	8.00E-02	
5.5E-6	-1.20E-01	8.00E-02	
6.E-6	-1.20E-01	8.00E-02	
6.5E-6	-1.00E-01	8.00E-02	
7.E-6	-1.00E-01	8.00E-02	
7.5E-6	-1.20E-01	8.00E-02	
8.E-6	-1.00E-01	8.00E-02	
8.5E-6	-1.00E-01	8.00E-02	
9.E-6	-1.00E-01	8.00E-02	
9.5E-6	-1.00E-01	8.00E-02	
1.E-5	-8.00E-02	8.00E-02	
1.05E-5	-8.00E-02	8.00E-02	
1.1E-5	-1.00E-01	8.00E-02	
1.15E-5	-1.00E-01	8.00E-02	
1.2E-5	-1.40E-01	8.00E-02	
1.25E-5	-1.00E-01	8.00E-02	
1.3E-5	-8.00E-02	8.00E-02	
1.35E-5	-1.00E-01	8.00E-02	
1.4E-5	-1.20E-01	8.00E-02	
1.45E-5	-1.00E-01	8.00E-02	
1.5E-5	-1.00E-01	8.00E-02	
1.55E-5	-1.00E-01	8.00E-02	
1.6E-5	-1.20E-01	8.00E-02	
1.65E-5	-8.00E-02	8.00E-02	
1.7E-5	-8.00E-02	8.00E-02	
1.75E-5	-8.00E-02	8.00E-02	
1.8E-5	-1.00E-01	8.00E-02	
1.85E-5	-1.00E-01	8.00E-02	
1.9E-5	-1.00E-01	8.00E-02	
1.95E-5	-8.00E-02	8.00E-02	
2.E-5	-1.20E-01	8.00E-02	
2.05E-5	-1.00E-01	8.00E-02	
2.1E-5	-1.20E-01	8.00E-02	
2.15E-5	-1.20E-01	8.00E-02	
2.2E-5	-1.00E-01	8.00E-02	
2.25E-5	-8.00E-02	8.00E-02	
2.3E-5	-1.20E-01	8.00E-02	
2.35E-5	-1.20E-01	8.00E-02	
2.4E-5	-8.00E-02	8.00E-02	
2.45E-5	-6.00E-02	8.00E-02	
2.5E-5	-8.00E-02	8.00E-02	
2.55E-5	-8.00E-02	8.00E-02	
2.6E-5	-1.00E-01	8.00E-02	
2.65E-5	-1.20E-01	8.00E-02	
2.7E-5	-1.00E-01	8.00E-02	
2.75E-5	-8.00E-02	8.00E-02	
2.8E-5	-1.00E-01	8.00E-02	
2.85E-5	-8.00E-02	8.00E-02	
2.9E-5	-8.00E-02	8.00E-02	
2.95E-5	-1.00E-01	8.00E-02	
3.E-5	-8.00E-02	8.00E-02	
3.05E-5	-1.00E-01	8.00E-02	
3.1E-5	-8.00E-02	8.00E-02	
3.15E-5	-6.00E-02	8.00E-02	
3.2E-5	-8.00E-02	8.00E-02	
3.25E-5	-1.00E-01	8.00E-02	
3.3E-5	-8.00E-02	8.00E-02	
3.35E-5	-1.00E-01	8.00E-02	
3.4E-5	-1.00E-01	8.00E-02	
3.45E-5	-8.00E-02	8.00E-02	
3.5E-5	-8.00E-02	8.00E-02	
3.55E-5	-1.00E-01	8.00E-02	
3.6E-5	-1.20E-01	8.00E-02	
3.65E-5	-1.00E-01	8.00E-02	
3.7E-5	-6.00E-02	8.00E-02	
3.75E-5	-1.00E-01	8.00E-02	
3.8E-5	-6.00E-02	8.00E-02	
3.85E-5	-6.00E-02	8.00E-02	
3.9E-5	-1.20E-01	8.00E-02	
3.95E-5	-1.00E-01	8.00E-02	
4.E-5	-8.00E-02	8.00E-02	
4.05E-5	-8.00E-02	8.00E-02	
4.1E-5	-1.00E-01	8.00E-02	
4.15E-5	-1.00E-01	8.00E-02	
4.2E-5	-6.00E-02	8.00E-02	
4.25E-5	-8.00E-02	8.00E-02	
4.3E-5	-1.00E-01	8.00E-02	
4.35E-5	-1.00E-01	8.00E-02	
4.4E-5	-8.00E-02	8.00E-02	
4.45E-5	-1.00E-01	8.00E-02	
4.5E-5	-8.00E-02	8.00E-02	
4.55E-5	-8.00E-02	8.00E-02	
4.6E-5	-1.00E-01	8.00E-02	
4.65E-5	-1.00E-01	8.00E-02	
4.7E-5	-8.00E-02	8.00E-02	
4.75E-5	-8.00E-02	8.00E-02	
4.8E-5	-1.00E-01	8.00E-02	
4.85E-5	-1.00E-01	8.00E-02	
4.9E-5	-8.00E-02	8.00E-02	
4.95E-5	-8.00E-02	8.00E-02	
5.E-5	-8.00E-02	8.00E-02	
5.05E-5	-1.00E-01	8.00E-02	
5.1E-5	-1.00E-01	8.00E-02	
5.15E-5	-4.00E-02	8.00E-02	
5.2E-5	-4.00E-02	8.00E-02	
5.25E-5	-8.00E-02	8.00E-02	
5.3E-5	-1.20E-01	8.00E-02	
5.35E-5	-1.20E-01	8.00E-02	
5.4E-5	-1.00E-01	8.00E-02	
5.45E-5	-8.00E-02	8.00E-02	
5.5E-5	-6.00E-02	8.00E-02	
5.55E-5	-1.00E-01	8.00E-02	
5.6E-5	-1.00E-01	8.00E-02	
5.65E-5	-8.00E-02	8.00E-02	
5.7E-5	-8.00E-02	8.00E-02	
5.75E-5	-8.00E-02	8.00E-02	
5.8E-5	-6.00E-02	8.00E-02	
5.85E-5	-6.00E-02	8.00E-02	
5.9E-5	-6.00E-02	8.00E-02	
5.95E-5	-8.00E-02	8.00E-02	
6.E-5	-8.00E-02	8.00E-02	
6.05E-5	-8.00E-02	8.00E-02	
6.1E-5	-6.00E-02	8.00E-02	
6.15E-5	-1.00E-01	8.00E-02	
6.2E-5	-1.00E-01	8.00E-02	
6.25E-5	-8.00E-02	8.00E-02	
6.3E-5	-8.00E-02	8.00E-02	
6.35E-5	-8.00E-02	8.00E-02	
6.4E-5	-8.00E-02	8.00E-02	
6.45E-5	-8.00E-02	8.00E-02	
6.5E-5	-8.00E-02	8.00E-02	
6.55E-5	-8.00E-02	8.00E-02	
6.6E-5	-4.00E-02	8.00E-02	
6.65E-5	-8.00E-02	8.00E-02	
6.7E-5	-8.00E-02	8.00E-02	
6.75E-5	-8.00E-02	8.00E-02	
6.8E-5	-6.00E-02	8.00E-02	
6.85E-5	-6.00E-02	8.00E-02	
6.9E-5	-6.00E-02	8.00E-02	
6.95E-5	-8.00E-02	8.00E-02	
7.E-5	-8.00E-02	8.00E-02	
7.05E-5	-6.00E-02	8.00E-02	
7.1E-5	-6.00E-02	8.00E-02	
7.15E-5	-6.00E-02	8.00E-02	
7.2E-5	-6.00E-02	8.00E-02	
7.25E-5	-6.00E-02	8.00E-02	
7.3E-5	-8.00E-02	8.00E-02	
7.35E-5	-1.00E-01	8.00E-02	
7.4E-5	-8.00E-02	8.00E-02	
7.45E-5	-6.00E-02	8.00E-02	
7.5E-5	-8.00E-02	8.00E-02	
7.55E-5	-8.00E-02	8.00E-02	
7.6E-5	-8.00E-02	8.00E-02	
7.65E-5	-8.00E-02	8.00E-02	
7.7E-5	-6.00E-02	8.00E-02	
7.75E-5	-8.00E-02	8.00E-02	
7.8E-5	-1.00E-01	8.00E-02	
7.85E-5	-4.00E-02	8.00E-02	
7.9E-5	-4.00E-02	8.00E-02	
7.95E-5	-6.00E-02	8.00E-02	
8.E-5	-6.00E-02	8.00E-02	
8.05E-5	-8.00E-02	8.00E-02	
8.1E-5	-8.00E-02	8.00E-02	
8.15E-5	-6.00E-02	8.00E-02	
8.2E-5	-6.00E-02	8.00E-02	
8.25E-5	-6.00E-02	8.00E-02	
8.3E-5	-8.00E-02	8.00E-02	
8.35E-5	-8.00E-02	8.00E-02	
8.4E-5	-8.00E-02	8.00E-02	
8.45E-5	-6.00E-02	8.00E-02	
8.5E-5	-6.00E-02	8.00E-02	
8.55E-5	-8.00E-02	8.00E-02	
8.6E-5	-8.00E-02	8.00E-02	
8.65E-5	-6.00E-02	8.00E-02	
8.7E-5	-6.00E-02	8.00E-02	
8.75E-5	-6.00E-02	8.00E-02	
8.8E-5	-6.00E-02	8.00E-02	
8.85E-5	-6.00E-02	8.00E-02	
8.9E-5	-8.00E-02	8.00E-02	
8.95E-5	-6.00E-02	8.00E-02	
9.E-5	-8.00E-02	8.00E-02	
9.05E-5	-4.00E-02	8.00E-02	
9.1E-5	-6.00E-02	8.00E-02	
9.15E-5	-8.00E-02	8.00E-02	
9.2E-5	-8.00E-02	8.00E-02	
9.25E-5	-4.00E-02	8.00E-02	
9.3E-5	-4.00E-02	8.00E-02	
9.35E-5	-6.00E-02	8.00E-02	
9.4E-5	-6.00E-02	8.00E-02	
9.45E-5	-6.00E-02	8.00E-02	
9.5E-5	-6.00E-02	8.00E-02	
9.55E-5	-6.00E-02	8.00E-02	
9.6E-5	-8.00E-02	8.00E-02	
9.65E-5	-6.00E-02	8.00E-02	
9.7E-5	-6.00E-02	8.00E-02	
9.75E-5	-6.00E-02	8.00E-02	
9.8E-5	-4.00E-02	8.00E-02	
9.85E-5	-4.00E-02	8.00E-02	
9.9E-5	-6.00E-02	8.00E-02	
9.95E-5	-4.00E-02	8.00E-02	
1.E-4	-6.00E-02	8.00E-02	
1.005E-4	-8.00E-02	8.00E-02	
1.01E-4	-1.00E-01	8.00E-02	
1.015E-4	-6.00E-02	8.00E-02	
1.02E-4	-2.00E-02	8.00E-02	
1.025E-4	-4.00E-02	8.00E-02	
1.03E-4	-8.00E-02	8.00E-02	
1.035E-4	-8.00E-02	8.00E-02	
1.04E-4	-4.00E-02	8.00E-02	
1.045E-4	-2.00E-02	8.00E-02	
1.05E-4	-4.00E-02	8.00E-02	
1.055E-4	-6.00E-02	8.00E-02	
1.06E-4	-8.00E-02	8.00E-02	
1.065E-4	-6.00E-02	8.00E-02	
1.07E-4	-4.00E-02	8.00E-02	
1.075E-4	-6.00E-02	8.00E-02	
1.08E-4	-4.00E-02	8.00E-02	
1.085E-4	-4.00E-02	8.00E-02	
1.09E-4	-4.00E-02	8.00E-02	
1.095E-4	-4.00E-02	8.00E-02	
1.1E-4	-4.00E-02	8.00E-02	
1.105E-4	-6.00E-02	8.00E-02	
1.11E-4	-6.00E-02	8.00E-02	
1.115E-4	-6.00E-02	8.00E-02	
1.12E-4	-4.00E-02	8.00E-02	
1.125E-4	-4.00E-02	8.00E-02	
1.13E-4	-4.00E-02	8.00E-02	
1.135E-4	-6.00E-02	8.00E-02	
1.14E-4	-4.00E-02	8.00E-02	
1.145E-4	-6.00E-02	8.00E-02	
1.15E-4	-4.00E-02	8.00E-02	
1.155E-4	-4.00E-02	8.00E-02	
1.16E-4	-4.00E-02	8.00E-02	
1.165E-4	-4.00E-02	8.00E-02	
1.17E-4	-4.00E-02	8.00E-02	
1.175E-4	-6.00E-02	8.00E-02	
1.18E-4	-4.00E-02	8.00E-02	
1.185E-4	-4.00E-02	8.00E-02	
1.19E-4	-4.00E-02	8.00E-02	
1.195E-4	-6.00E-02	8.00E-02	
1.2E-4	-4.00E-02	8.00E-02	
1.205E-4	-2.00E-02	8.00E-02	
1.21E-4	-2.00E-02	8.00E-02	
1.215E-4	-4.00E-02	8.00E-02	
1.22E-4	-2.00E-02	8.00E-02	
1.225E-4	-4.00E-02	8.00E-02	
1.23E-4	-4.00E-02	8.00E-02	
1.235E-4	-4.00E-02	8.00E-02	
1.24E-4	-4.00E-02	8.00E-02	
1.245E-4	-2.00E-02	8.00E-02	
1.25E-4	-4.00E-02	8.00E-02	
1.255E-4	-4.00E-02	8.00E-02	
1.26E-4	-4.00E-02	8.00E-02	
1.265E-4	-4.00E-02	8.00E-02	
1.27E-4	-4.00E-02	8.00E-02	
1.275E-4	-4.00E-02	8.00E-02	
1.28E-4	-2.00E-02	8.00E-02	
1.285E-4	-4.00E-02	8.00E-02	
1.29E-4	-2.00E-02	8.00E-02	
1.295E-4	-4.00E-02	8.00E-02	
1.3E-4	-4.00E-02	8.00E-02	
1.305E-4	-2.00E-02	8.00E-02	
1.31E-4	-4.00E-02	8.00E-02	
1.315E-4	-4.00E-02	8.00E-02	
1.32E-4	-4.00E-02	8.00E-02	
1.325E-4	-2.00E-02	8.00E-02	
1.33E-4	-4.00E-02	8.00E-02	
1.335E-4	-4.00E-02	8.00E-02	
1.34E-4	-4.00E-02	8.00E-02	
1.345E-4	0.00E+00	8.00E-02	
1.35E-4	-2.00E-02	8.00E-02	
1.355E-4	-6.00E-02	8.00E-02	
1.36E-4	-2.00E-02	8.00E-02	
1.365E-4	-4.00E-02	8.00E-02	
1.37E-4	-2.00E-02	8.00E-02	
1.375E-4	-4.00E-02	8.00E-02	
1.38E-4	-2.00E-02	8.00E-02	
1.385E-4	-2.00E-02	8.00E-02	
1.39E-4	-2.00E-02	8.00E-02	
1.395E-4	-4.00E-02	8.00E-02	
1.4E-4	-4.00E-02	8.00E-02	
1.405E-4	-2.00E-02	8.00E-02	
1.41E-4	-2.00E-02	8.00E-02	
1.415E-4	-4.00E-02	8.00E-02	
1.42E-4	-4.00E-02	8.00E-02	
1.425E-4	-4.00E-02	8.00E-02	
1.43E-4	-4.00E-02	8.00E-02	
1.435E-4	-2.00E-02	8.00E-02	
1.44E-4	-2.00E-02	8.00E-02	
1.445E-4	-2.00E-02	8.00E-02	
1.45E-4	2.00E-02	8.00E-02	
1.455E-4	-2.00E-02	8.00E-02	
1.46E-4	-4.00E-02	8.00E-02	
1.465E-4	-4.00E-02	8.00E-02	
1.47E-4	-2.00E-02	8.00E-02	
1.475E-4	-2.00E-02	8.00E-02	
1.48E-4	-2.00E-02	8.00E-02	
1.485E-4	0.00E+00	8.00E-02	
1.49E-4	0.00E+00	8.00E-02	
1.495E-4	-4.00E-02	8.00E-02	
1.5E-4	0.00E+00	8.00E-02	
1.505E-4	0.00E+00	8.00E-02	
1.51E-4	-4.00E-02	8.00E-02	
1.515E-4	-4.00E-02	8.00E-02	
1.52E-4	2.00E-02	8.00E-02	
1.525E-4	0.00E+00	8.00E-02	
1.53E-4	-2.00E-02	8.00E-02	
1.535E-4	-2.00E-02	8.00E-02	
1.54E-4	-2.00E-02	8.00E-02	
1.545E-4	2.00E-02	8.00E-02	
1.55E-4	2.00E-02	8.00E-02	
1.555E-4	0.00E+00	8.00E-02	
1.56E-4	0.00E+00	8.00E-02	
1.565E-4	0.00E+00	8.00E-02	
1.57E-4	-2.00E-02	8.00E-02	
1.575E-4	0.00E+00	8.00E-02	
1.58E-4	-2.00E-02	8.00E-02	
1.585E-4	-2.00E-02	8.00E-02	
1.59E-4	0.00E+00	8.00E-02	
1.595E-4	0.00E+00	8.00E-02	
1.6E-4	-2.00E-02	8.00E-02	
1.605E-4	0.00E+00	8.00E-02	
1.61E-4	0.00E+00	8.00E-02	
1.615E-4	2.00E-02	8.00E-02	
1.62E-4	0.00E+00	8.00E-02	
1.625E-4	0.00E+00	8.00E-02	
1.63E-4	2.00E-02	8.00E-02	
1.635E-4	0.00E+00	8.00E-02	
1.64E-4	0.00E+00	8.00E-02	
1.645E-4	2.00E-02	8.00E-02	
1.65E-4	2.00E-02	8.00E-02	
1.655E-4	2.00E-02	8.00E-02	
1.66E-4	2.00E-02	8.00E-02	
1.665E-4	-2.00E-02	8.00E-02	
1.67E-4	-2.00E-02	8.00E-02	
1.675E-4	2.00E-02	8.00E-02	
1.68E-4	4.00E-02	8.00E-02	
1.685E-4	2.00E-02	8.00E-02	
1.69E-4	0.00E+00	8.00E-02	
1.695E-4	0.00E+00	8.00E-02	
1.7E-4	0.00E+00	8.00E-02	
1.705E-4	0.00E+00	8.00E-02	
1.71E-4	0.00E+00	8.00E-02	
1.715E-4	2.00E-02	8.00E-02	
1.72E-4	4.00E-02	8.00E-02	
1.725E-4	2.00E-02	8.00E-02	
1.73E-4	0.00E+00	8.00E-02	
1.735E-4	2.00E-02	8.00E-02	
1.74E-4	0.00E+00	8.00E-02	
1.745E-4	2.00E-02	8.00E-02	
1.75E-4	0.00E+00	8.00E-02	
1.755E-4	2.00E-02	8.00E-02	
1.76E-4	0.00E+00	8.00E-02	
1.765E-4	2.00E-02	8.00E-02	
1.77E-4	2.00E-02	8.00E-02	
1.775E-4	2.00E-02	8.00E-02	
1.78E-4	0.00E+00	8.00E-02	
1.785E-4	2.00E-02	8.00E-02	
1.79E-4	4.00E-02	8.00E-02	
1.795E-4	-2.00E-02	8.00E-02	
1.8E-4	2.00E-02	8.00E-02	
1.805E-4	4.00E-02	8.00E-02	
1.81E-4	2.00E-02	8.00E-02	
1.815E-4	2.00E-02	8.00E-02	
1.82E-4	2.00E-02	8.00E-02	
1.825E-4	4.00E-02	8.00E-02	
1.83E-4	4.00E-02	8.00E-02	
1.835E-4	4.00E-02	8.00E-02	
1.84E-4	4.00E-02	8.00E-02	
1.845E-4	4.00E-02	8.00E-02	
1.85E-4	6.00E-02	8.00E-02	
1.855E-4	8.00E-02	8.00E-02	
1.86E-4	6.00E-02	8.00E-02	
1.865E-4	6.00E-02	8.00E-02	
1.87E-4	6.00E-02	8.00E-02	
1.875E-4	8.00E-02	8.00E-02	
1.88E-4	1.00E-01	8.00E-02	
1.885E-4	1.20E-01	8.00E-02	
1.89E-4	1.20E-01	8.00E-02	
1.895E-4	1.40E-01	8.00E-02	
1.9E-4	1.40E-01	8.00E-02	
1.905E-4	1.80E-01	8.00E-02	
1.91E-4	1.80E-01	8.00E-02	
1.915E-4	2.00E-01	8.00E-02	
1.92E-4	2.20E-01	8.00E-02	
1.925E-4	2.60E-01	8.00E-02	
1.93E-4	2.80E-01	8.00E-02	
1.935E-4	3.00E-01	8.00E-02	
1.94E-4	3.40E-01	8.00E-02	
1.945E-4	3.80E-01	8.00E-02	
1.95E-4	4.00E-01	8.00E-02	
1.955E-4	4.40E-01	8.00E-02	
1.96E-4	4.80E-01	8.00E-02	
1.965E-4	4.80E-01	8.00E-02	
1.97E-4	5.20E-01	8.00E-02	
1.975E-4	5.40E-01	8.00E-02	
1.98E-4	5.80E-01	8.00E-02	
1.985E-4	6.20E-01	8.00E-02	
1.99E-4	6.20E-01	8.00E-02	
1.995E-4	6.60E-01	8.00E-02	
2.E-4	6.80E-01	8.00E-02	
2.005E-4	7.00E-01	8.00E-02	
2.01E-4	6.80E-01	8.00E-02	
2.015E-4	7.00E-01	8.00E-02	
2.02E-4	7.80E-01	8.00E-02	
2.025E-4	7.80E-01	8.00E-02	
2.03E-4	7.00E-01	8.00E-02	
2.035E-4	6.80E-01	8.00E-02	
2.04E-4	7.00E-01	8.00E-02	
2.045E-4	7.60E-01	8.00E-02	
2.05E-4	7.40E-01	8.00E-02	
2.055E-4	6.80E-01	8.00E-02	
2.06E-4	6.60E-01	8.00E-02	
2.065E-4	6.80E-01	8.00E-02	
2.07E-4	6.80E-01	8.00E-02	
2.075E-4	6.60E-01	8.00E-02	
2.08E-4	6.20E-01	8.00E-02	
2.085E-4	5.80E-01	8.00E-02	
2.09E-4	5.80E-01	8.00E-02	
2.095E-4	5.60E-01	8.00E-02	
2.1E-4	5.20E-01	8.00E-02	
2.105E-4	5.00E-01	8.00E-02	
2.11E-4	5.00E-01	8.00E-02	
2.115E-4	4.80E-01	8.00E-02	
2.12E-4	4.60E-01	8.00E-02	
2.125E-4	4.40E-01	8.00E-02	
2.13E-4	4.40E-01	8.00E-02	
2.135E-4	4.40E-01	8.00E-02	
2.14E-4	4.20E-01	8.00E-02	
2.145E-4	4.20E-01	8.00E-02	
2.15E-4	4.40E-01	8.00E-02	
2.155E-4	4.40E-01	8.00E-02	
2.16E-4	4.40E-01	8.00E-02	
2.165E-4	4.40E-01	8.00E-02	
2.17E-4	4.60E-01	8.00E-02	
2.175E-4	4.80E-01	8.00E-02	
2.18E-4	4.80E-01	8.00E-02	
2.185E-4	5.20E-01	8.00E-02	
2.19E-4	5.40E-01	8.00E-02	
2.195E-4	5.20E-01	8.00E-02	
2.2E-4	5.40E-01	8.00E-02	
2.205E-4	5.60E-01	8.00E-02	
2.21E-4	6.00E-01	8.00E-02	
2.215E-4	6.40E-01	8.00E-02	
2.22E-4	6.60E-01	8.00E-02	
2.225E-4	6.80E-01	8.00E-02	
2.23E-4	6.80E-01	8.00E-02	
2.235E-4	6.80E-01	8.00E-02	
2.24E-4	7.00E-01	8.00E-02	
2.245E-4	7.40E-01	8.00E-02	
2.25E-4	7.60E-01	8.00E-02	
2.255E-4	7.40E-01	8.00E-02	
2.26E-4	7.40E-01	8.00E-02	
2.265E-4	7.60E-01	8.00E-02	
2.27E-4	7.60E-01	8.00E-02	
2.275E-4	8.00E-01	8.00E-02	
2.28E-4	8.00E-01	8.00E-02	
2.285E-4	8.00E-01	8.00E-02	
2.29E-4	7.80E-01	8.00E-02	
2.295E-4	7.60E-01	8.00E-02	
2.3E-4	7.80E-01	8.00E-02	
2.305E-4	8.20E-01	8.00E-02	
2.31E-4	8.00E-01	8.00E-02	
2.315E-4	7.80E-01	8.00E-02	
2.32E-4	8.00E-01	8.00E-02	
2.325E-4	7.80E-01	8.00E-02	
2.33E-4	7.80E-01	8.00E-02	
2.335E-4	8.00E-01	8.00E-02	
2.34E-4	8.00E-01	8.00E-02	
2.345E-4	8.20E-01	8.00E-02	
2.35E-4	8.20E-01	8.00E-02	
2.355E-4	8.20E-01	8.00E-02	
2.36E-4	8.20E-01	8.00E-02	
2.365E-4	8.60E-01	8.00E-02	
2.37E-4	9.00E-01	8.00E-02	
2.375E-4	9.20E-01	8.00E-02	
2.38E-4	9.80E-01	8.00E-02	
2.385E-4	9.80E-01	8.00E-02	
2.39E-4	1.04E+00	8.00E-02	
2.395E-4	1.10E+00	8.00E-02	
2.4E-4	1.12E+00	8.00E-02	
2.405E-4	1.16E+00	8.00E-02	
2.41E-4	1.20E+00	8.00E-02	
2.415E-4	1.26E+00	8.00E-02	
2.42E-4	1.32E+00	8.00E-02	
2.425E-4	1.36E+00	8.00E-02	
2.43E-4	1.42E+00	8.00E-02	
2.435E-4	1.48E+00	8.00E-02	
2.44E-4	1.52E+00	8.00E-02	
2.445E-4	1.56E+00	8.00E-02	
2.45E-4	1.62E+00	8.00E-02	
2.455E-4	1.64E+00	8.00E-02	
2.46E-4	1.70E+00	8.00E-02	
2.465E-4	1.72E+00	8.00E-02	
2.47E-4	1.74E+00	8.00E-02	
2.475E-4	1.78E+00	8.00E-02	
2.48E-4	1.78E+00	8.00E-02	
2.485E-4	1.82E+00	8.00E-02	
2.49E-4	1.82E+00	8.00E-02	
2.495E-4	1.86E+00	8.00E-02	
2.5E-4	1.86E+00	8.00E-02	
2.505E-4	1.86E+00	8.00E-02	
2.51E-4	1.86E+00	8.00E-02	
2.515E-4	1.82E+00	8.00E-02	
2.52E-4	1.94E+00	8.00E-02	
2.525E-4	1.94E+00	8.00E-02	
2.53E-4	1.90E+00	8.00E-02	
2.535E-4	1.88E+00	8.00E-02	
2.54E-4	1.90E+00	8.00E-02	
2.545E-4	1.90E+00	8.00E-02	
2.55E-4	1.92E+00	8.00E-02	
2.555E-4	1.92E+00	8.00E-02	
2.56E-4	1.90E+00	8.00E-02	
2.565E-4	1.90E+00	8.00E-02	
2.57E-4	1.92E+00	8.00E-02	
2.575E-4	1.90E+00	8.00E-02	
2.58E-4	1.88E+00	8.00E-02	
2.585E-4	1.88E+00	8.00E-02	
2.59E-4	1.88E+00	8.00E-02	
2.595E-4	1.90E+00	8.00E-02	
2.6E-4	1.88E+00	8.00E-02	
2.605E-4	1.84E+00	8.00E-02	
2.61E-4	1.84E+00	8.00E-02	
2.615E-4	1.86E+00	8.00E-02	
2.62E-4	1.82E+00	8.00E-02	
2.625E-4	1.80E+00	8.00E-02	
2.63E-4	1.78E+00	8.00E-02	
2.635E-4	1.78E+00	8.00E-02	
2.64E-4	1.76E+00	8.00E-02	
2.645E-4	1.72E+00	8.00E-02	
2.65E-4	1.70E+00	8.00E-02	
2.655E-4	1.68E+00	8.00E-02	
2.66E-4	1.62E+00	8.00E-02	
2.665E-4	1.60E+00	8.00E-02	
2.67E-4	1.54E+00	8.00E-02	
2.675E-4	1.50E+00	8.00E-02	
2.68E-4	1.50E+00	8.00E-02	
2.685E-4	1.44E+00	8.00E-02	
2.69E-4	1.40E+00	8.00E-02	
2.695E-4	1.36E+00	8.00E-02	
2.7E-4	1.28E+00	8.00E-02	
2.705E-4	1.26E+00	8.00E-02	
2.71E-4	1.22E+00	8.00E-02	
2.715E-4	1.14E+00	8.00E-02	
2.72E-4	1.10E+00	8.00E-02	
2.725E-4	1.04E+00	8.00E-02	
2.73E-4	9.80E-01	8.00E-02	
2.735E-4	9.20E-01	8.00E-02	
2.74E-4	8.80E-01	8.00E-02	
2.745E-4	8.60E-01	8.00E-02	
2.75E-4	8.20E-01	8.00E-02	
2.755E-4	7.60E-01	8.00E-02	
2.76E-4	7.20E-01	8.00E-02	
2.765E-4	6.40E-01	8.00E-02	
2.77E-4	6.00E-01	8.00E-02	
2.775E-4	6.00E-01	8.00E-02	
2.78E-4	5.80E-01	8.00E-02	
2.785E-4	5.40E-01	8.00E-02	
2.79E-4	5.00E-01	8.00E-02	
2.795E-4	4.60E-01	8.00E-02	
2.8E-4	4.40E-01	8.00E-02	
2.805E-4	4.20E-01	8.00E-02	
2.81E-4	3.80E-01	8.00E-02	
2.815E-4	3.40E-01	8.00E-02	
2.82E-4	3.20E-01	8.00E-02	
2.825E-4	3.20E-01	8.00E-02	
2.83E-4	3.20E-01	8.00E-02	
2.835E-4	2.80E-01	8.00E-02	
2.84E-4	2.40E-01	8.00E-02	
2.845E-4	2.60E-01	8.00E-02	
2.85E-4	2.20E-01	8.00E-02	
2.855E-4	2.20E-01	8.00E-02	
2.86E-4	2.00E-01	8.00E-02	
2.865E-4	2.20E-01	8.00E-02	
2.87E-4	1.80E-01	8.00E-02	
2.875E-4	1.80E-01	8.00E-02	
2.88E-4	1.80E-01	8.00E-02	
2.885E-4	1.80E-01	8.00E-02	
2.89E-4	1.60E-01	8.00E-02	
2.895E-4	1.60E-01	8.00E-02	
2.9E-4	1.60E-01	8.00E-02	
2.905E-4	1.60E-01	8.00E-02	
2.91E-4	1.40E-01	8.00E-02	
2.915E-4	1.40E-01	8.00E-02	
2.92E-4	1.40E-01	8.00E-02	
2.925E-4	1.60E-01	8.00E-02	
2.93E-4	1.20E-01	8.00E-02	
2.935E-4	1.40E-01	8.00E-02	
2.94E-4	1.40E-01	1.60E-01	
2.945E-4	1.20E-01	2.40E-01	
2.95E-4	1.20E-01	4.00E-01	
2.955E-4	1.40E-01	6.40E-01	
2.96E-4	1.40E-01	8.80E-01	
2.965E-4	1.40E-01	1.12E+00	
2.97E-4	1.20E-01	1.36E+00	
2.975E-4	1.20E-01	1.60E+00	
2.98E-4	1.00E-01	1.84E+00	
2.985E-4	1.40E-01	2.00E+00	
2.99E-4	1.40E-01	2.24E+00	
2.995E-4	1.20E-01	2.56E+00	
3.E-4	1.20E-01	2.80E+00	
3.005E-4	1.00E-01	3.04E+00	
3.01E-4	1.00E-01	3.28E+00	
3.015E-4	8.00E-02	3.52E+00	
3.02E-4	1.20E-01	3.76E+00	
3.025E-4	1.60E-01	4.00E+00	
3.03E-4	1.20E-01	4.16E+00	
3.035E-4	1.00E-01	4.32E+00	
3.04E-4	1.00E-01	4.40E+00	
3.045E-4	1.20E-01	4.48E+00	
3.05E-4	1.20E-01	4.56E+00	
3.055E-4	1.40E-01	4.56E+00	
3.06E-4	1.00E-01	4.56E+00	
3.065E-4	8.00E-02	4.56E+00	
3.07E-4	1.00E-01	4.48E+00	
3.075E-4	1.20E-01	4.48E+00	
3.08E-4	1.00E-01	4.40E+00	
3.085E-4	1.20E-01	4.32E+00	
3.09E-4	1.00E-01	4.16E+00	
3.095E-4	1.00E-01	4.08E+00	
3.1E-4	1.20E-01	3.92E+00	
3.105E-4	1.20E-01	3.76E+00	
3.11E-4	1.40E-01	3.60E+00	
3.115E-4	1.00E-01	3.44E+00	
3.12E-4	1.00E-01	3.36E+00	
3.125E-4	1.20E-01	3.12E+00	
3.13E-4	1.20E-01	2.96E+00	
3.135E-4	1.20E-01	2.80E+00	
3.14E-4	1.00E-01	2.72E+00	
3.145E-4	1.20E-01	2.48E+00	
3.15E-4	1.20E-01	2.32E+00	
3.155E-4	8.00E-02	2.24E+00	
3.16E-4	1.20E-01	2.08E+00	
3.165E-4	1.20E-01	1.92E+00	
3.17E-4	1.20E-01	1.84E+00	
3.175E-4	1.20E-01	1.76E+00	
3.18E-4	1.20E-01	1.60E+00	
3.185E-4	1.00E-01	1.60E+00	
3.19E-4	1.20E-01	1.44E+00	
3.195E-4	1.20E-01	1.44E+00	
3.2E-4	1.20E-01	1.36E+00	
3.205E-4	1.20E-01	1.28E+00	
3.21E-4	1.00E-01	1.28E+00	
3.215E-4	1.20E-01	1.20E+00	
3.22E-4	1.40E-01	1.12E+00	
3.225E-4	1.40E-01	1.12E+00	
3.23E-4	1.00E-01	1.04E+00	
3.235E-4	1.20E-01	1.04E+00	
3.24E-4	1.20E-01	1.04E+00	
3.245E-4	1.40E-01	1.04E+00	
3.25E-4	1.40E-01	9.60E-01	
3.255E-4	1.40E-01	9.60E-01	
3.26E-4	1.60E-01	9.60E-01	
3.265E-4	1.60E-01	9.60E-01	
3.27E-4	1.40E-01	9.60E-01	
3.275E-4	1.60E-01	9.60E-01	
3.28E-4	1.80E-01	8.80E-01	
3.285E-4	2.00E-01	8.80E-01	
3.29E-4	1.60E-01	8.80E-01	
3.295E-4	2.00E-01	8.80E-01	
3.3E-4	1.80E-01	8.80E-01	
3.305E-4	2.00E-01	8.80E-01	
3.31E-4	1.80E-01	8.80E-01	
3.315E-4	2.20E-01	8.80E-01	
3.32E-4	2.40E-01	8.80E-01	
3.325E-4	2.40E-01	8.80E-01	
3.33E-4	2.40E-01	8.80E-01	
3.335E-4	2.80E-01	8.80E-01	
3.34E-4	2.80E-01	8.80E-01	
3.345E-4	3.20E-01	8.80E-01	
3.35E-4	3.20E-01	8.80E-01	
3.355E-4	3.60E-01	8.00E-01	
3.36E-4	3.60E-01	8.00E-01	
3.365E-4	3.80E-01	8.00E-01	
3.37E-4	4.20E-01	8.00E-01	
3.375E-4	4.40E-01	8.80E-01	
3.38E-4	5.00E-01	8.00E-01	
3.385E-4	5.40E-01	7.20E-01	
3.39E-4	5.60E-01	8.00E-01	
3.395E-4	6.00E-01	7.20E-01	
3.4E-4	6.40E-01	8.00E-01	
3.405E-4	6.80E-01	8.00E-01	
3.41E-4	6.80E-01	8.00E-01	
3.415E-4	7.60E-01	8.00E-01	
3.42E-4	8.20E-01	7.20E-01	
3.425E-4	8.60E-01	7.20E-01	
3.43E-4	9.00E-01	7.20E-01	
3.435E-4	9.60E-01	7.20E-01	
3.44E-4	1.00E+00	7.20E-01	
3.445E-4	1.04E+00	8.00E-01	
3.45E-4	1.10E+00	7.20E-01	
3.455E-4	1.12E+00	7.20E-01	
3.46E-4	1.20E+00	8.00E-01	
3.465E-4	1.24E+00	8.00E-01	
3.47E-4	1.28E+00	8.00E-01	
3.475E-4	1.32E+00	8.00E-01	
3.48E-4	1.36E+00	8.00E-01	
3.485E-4	1.40E+00	8.80E-01	
3.49E-4	1.42E+00	9.60E-01	
3.495E-4	1.48E+00	9.60E-01	
3.5E-4	1.50E+00	1.12E+00	
3.505E-4	1.56E+00	1.20E+00	
3.51E-4	1.56E+00	1.36E+00	
3.515E-4	1.56E+00	1.44E+00	
3.52E-4	1.62E+00	1.68E+00	
3.525E-4	1.70E+00	1.84E+00	
3.53E-4	1.68E+00	2.08E+00	
3.535E-4	1.66E+00	2.24E+00	
3.54E-4	1.66E+00	2.48E+00	
3.545E-4	1.68E+00	2.72E+00	
3.55E-4	1.74E+00	2.96E+00	
3.555E-4	1.72E+00	3.12E+00	
3.56E-4	1.70E+00	3.36E+00	
3.565E-4	1.68E+00	3.60E+00	
3.57E-4	1.72E+00	3.76E+00	
3.575E-4	1.70E+00	3.92E+00	
3.58E-4	1.68E+00	4.16E+00	
3.585E-4	1.64E+00	4.24E+00	
3.59E-4	1.66E+00	4.40E+00	
3.595E-4	1.60E+00	4.56E+00	
3.6E-4	1.56E+00	4.64E+00	
3.605E-4	1.52E+00	4.72E+00	
3.61E-4	1.48E+00	4.80E+00	
3.615E-4	1.40E+00	4.88E+00	
3.62E-4	1.34E+00	4.88E+00	
3.625E-4	1.30E+00	4.96E+00	
3.63E-4	1.24E+00	4.96E+00	
3.635E-4	1.18E+00	4.88E+00	
3.64E-4	1.08E+00	4.96E+00	
3.645E-4	1.00E+00	4.88E+00	
3.65E-4	9.40E-01	4.80E+00	
3.655E-4	9.00E-01	4.72E+00	
3.66E-4	8.40E-01	4.64E+00	
3.665E-4	7.60E-01	4.48E+00	
3.67E-4	6.80E-01	4.32E+00	
3.675E-4	6.60E-01	4.16E+00	
3.68E-4	6.20E-01	3.92E+00	
3.685E-4	5.60E-01	3.76E+00	
3.69E-4	5.20E-01	3.60E+00	
3.695E-4	4.80E-01	3.44E+00	
3.7E-4	4.40E-01	3.28E+00	
3.705E-4	4.20E-01	3.12E+00	
3.71E-4	3.80E-01	2.96E+00	
3.715E-4	3.60E-01	2.88E+00	
3.72E-4	3.40E-01	2.80E+00	
3.725E-4	3.20E-01	2.72E+00	
3.73E-4	2.80E-01	2.72E+00	
3.735E-4	2.80E-01	2.72E+00	
3.74E-4	2.60E-01	2.64E+00	
3.745E-4	2.40E-01	2.64E+00	
3.75E-4	2.20E-01	2.56E+00	
3.755E-4	2.20E-01	2.56E+00	
3.76E-4	2.00E-01	2.48E+00	
3.765E-4	2.00E-01	2.40E+00	
3.77E-4	1.80E-01	2.32E+00	
3.775E-4	1.80E-01	2.24E+00	
3.78E-4	1.80E-01	2.16E+00	
3.785E-4	1.80E-01	2.08E+00	
3.79E-4	1.80E-01	1.92E+00	
3.795E-4	1.80E-01	1.84E+00	
3.8E-4	1.60E-01	1.76E+00	
3.805E-4	1.40E-01	1.68E+00	
3.81E-4	1.60E-01	1.52E+00	
3.815E-4	1.40E-01	1.52E+00	
3.82E-4	1.60E-01	1.44E+00	
3.825E-4	1.60E-01	1.44E+00	
3.83E-4	1.60E-01	1.44E+00	
3.835E-4	1.40E-01	1.52E+00	
3.84E-4	1.40E-01	1.60E+00	
3.845E-4	1.20E-01	1.60E+00	
3.85E-4	1.40E-01	1.68E+00	
3.855E-4	1.60E-01	1.76E+00	
3.86E-4	1.40E-01	1.84E+00	
3.865E-4	1.20E-01	1.84E+00	
3.87E-4	1.40E-01	1.92E+00	
3.875E-4	1.60E-01	1.92E+00	
3.88E-4	1.60E-01	1.92E+00	
3.885E-4	1.40E-01	1.92E+00	
3.89E-4	1.40E-01	1.92E+00	
3.895E-4	1.60E-01	1.84E+00	
3.9E-4	1.40E-01	1.68E+00	
3.905E-4	1.40E-01	1.68E+00	
3.91E-4	1.40E-01	1.52E+00	
3.915E-4	1.60E-01	1.44E+00	
3.92E-4	1.60E-01	1.28E+00	
3.925E-4	1.40E-01	1.12E+00	
3.93E-4	1.60E-01	1.04E+00	
3.935E-4	1.40E-01	8.80E-01	
3.94E-4	1.60E-01	7.20E-01	
3.945E-4	1.60E-01	6.40E-01	
3.95E-4	1.60E-01	5.60E-01	
3.955E-4	1.60E-01	4.00E-01	
3.96E-4	1.80E-01	4.00E-01	
3.965E-4	2.00E-01	3.20E-01	
3.97E-4	1.80E-01	2.40E-01	
3.975E-4	2.00E-01	1.60E-01	
3.98E-4	1.80E-01	8.00E-02	
3.985E-4	2.00E-01	8.00E-02	
3.99E-4	2.20E-01	0.00E+00	
3.995E-4	2.20E-01	0.00E+00	
4.E-4	2.40E-01	0.00E+00	
4.005E-4	2.40E-01	0.00E+00	
4.01E-4	2.40E-01	-8.00E-02	
4.015E-4	2.20E-01	-8.00E-02	
4.02E-4	2.60E-01	-8.00E-02	
4.025E-4	3.20E-01	-8.00E-02	
4.03E-4	3.00E-01	-1.60E-01	
4.035E-4	2.60E-01	-1.60E-01	
4.04E-4	2.60E-01	-1.60E-01	
4.045E-4	2.60E-01	-1.60E-01	
4.05E-4	2.80E-01	-2.40E-01	
4.055E-4	3.00E-01	-2.40E-01	
4.06E-4	3.00E-01	-2.40E-01	
4.065E-4	3.00E-01	-2.40E-01	
4.07E-4	3.40E-01	-2.40E-01	
4.075E-4	3.00E-01	-2.40E-01	
4.08E-4	3.20E-01	-2.40E-01	
4.085E-4	3.00E-01	-2.40E-01	
4.09E-4	2.80E-01	-2.40E-01	
4.095E-4	3.20E-01	-2.40E-01	
4.1E-4	3.20E-01	-2.40E-01	
4.105E-4	3.00E-01	-3.20E-01	
4.11E-4	2.80E-01	-3.20E-01	
4.115E-4	3.00E-01	-3.20E-01	
4.12E-4	3.20E-01	-3.20E-01	
4.125E-4	3.20E-01	-3.20E-01	
4.13E-4	3.20E-01	-4.00E-01	
4.135E-4	3.20E-01	-4.00E-01	
4.14E-4	3.20E-01	-4.00E-01	
4.145E-4	3.40E-01	-4.00E-01	
4.15E-4	3.20E-01	-4.00E-01	
4.155E-4	3.40E-01	-4.00E-01	
4.16E-4	3.60E-01	-4.80E-01	
4.165E-4	4.00E-01	-4.80E-01	
4.17E-4	4.20E-01	-4.80E-01	
4.175E-4	4.40E-01	-4.80E-01	
4.18E-4	4.40E-01	-4.80E-01	
4.185E-4	4.60E-01	-4.80E-01	
4.19E-4	4.60E-01	-4.80E-01	
4.195E-4	5.20E-01	-4.80E-01	
4.2E-4	5.40E-01	-4.80E-01	
4.205E-4	5.60E-01	-5.60E-01	
4.21E-4	5.80E-01	-5.60E-01	
4.215E-4	6.00E-01	-5.60E-01	
4.22E-4	6.20E-01	-5.60E-01	
4.225E-4	6.60E-01	-5.60E-01	
4.23E-4	7.00E-01	-5.60E-01	
4.235E-4	7.00E-01	-5.60E-01	
4.24E-4	7.20E-01	-5.60E-01	
4.245E-4	7.60E-01	-6.40E-01	
4.25E-4	7.80E-01	-6.40E-01	
4.255E-4	8.00E-01	-6.40E-01	
4.26E-4	8.00E-01	-6.40E-01	
4.265E-4	7.80E-01	-6.40E-01	
4.27E-4	8.00E-01	-6.40E-01	
4.275E-4	7.80E-01	-6.40E-01	
4.28E-4	8.00E-01	-6.40E-01	
4.285E-4	7.60E-01	-7.20E-01	
4.29E-4	7.80E-01	-7.20E-01	
4.295E-4	7.80E-01	-7.20E-01	
4.3E-4	7.40E-01	-7.20E-01	
4.305E-4	7.40E-01	-7.20E-01	
4.31E-4	7.20E-01	-7.20E-01	
4.315E-4	6.80E-01	-7.20E-01	
4.32E-4	6.60E-01	-7.20E-01	
4.325E-4	6.00E-01	-8.00E-01	
4.33E-4	6.00E-01	-7.20E-01	
4.335E-4	5.60E-01	-8.00E-01	
4.34E-4	5.20E-01	-8.00E-01	
4.345E-4	4.80E-01	-8.00E-01	
4.35E-4	4.80E-01	-8.00E-01	
4.355E-4	4.40E-01	-8.00E-01	
4.36E-4	4.00E-01	-8.00E-01	
4.365E-4	4.00E-01	-8.00E-01	
4.37E-4	3.80E-01	-8.00E-01	
4.375E-4	3.20E-01	-8.00E-01	
4.38E-4	3.00E-01	-8.80E-01	
4.385E-4	2.80E-01	-8.80E-01	
4.39E-4	2.80E-01	-8.80E-01	
4.395E-4	2.40E-01	-8.80E-01	
4.4E-4	2.40E-01	-8.80E-01	
4.405E-4	2.60E-01	-8.80E-01	
4.41E-4	2.20E-01	-8.80E-01	
4.415E-4	2.20E-01	-9.60E-01	
4.42E-4	2.00E-01	-9.60E-01	
4.425E-4	2.00E-01	-9.60E-01	
4.43E-4	2.00E-01	-9.60E-01	
4.435E-4	1.80E-01	-9.60E-01	
4.44E-4	1.80E-01	-9.60E-01	
4.445E-4	1.80E-01	-9.60E-01	
4.45E-4	1.80E-01	-9.60E-01	
4.455E-4	1.40E-01	-9.60E-01	
4.46E-4	1.40E-01	-9.60E-01	
4.465E-4	1.20E-01	-1.04E+00	
4.47E-4	1.60E-01	-1.04E+00	
4.475E-4	1.60E-01	-1.04E+00	
4.48E-4	1.40E-01	-1.04E+00	
4.485E-4	1.60E-01	-1.04E+00	
4.49E-4	1.60E-01	-1.04E+00	
4.495E-4	1.40E-01	-1.04E+00	
4.5E-4	1.40E-01	-1.04E+00	
4.505E-4	1.40E-01	-1.04E+00	
4.51E-4	1.60E-01	-1.04E+00	
4.515E-4	1.40E-01	-1.12E+00	
4.52E-4	1.20E-01	-1.04E+00	
4.525E-4	1.80E-01	-1.12E+00	
4.53E-4	2.00E-01	-1.12E+00	
4.535E-4	1.60E-01	-1.12E+00	
4.54E-4	1.20E-01	-1.12E+00	
4.545E-4	8.00E-02	-1.20E+00	
4.55E-4	1.40E-01	-1.12E+00	
4.555E-4	1.40E-01	-1.12E+00	
4.56E-4	1.40E-01	-1.20E+00	
4.565E-4	1.20E-01	-1.20E+00	
4.57E-4	1.40E-01	-1.20E+00	
4.575E-4	1.80E-01	-1.20E+00	
4.58E-4	1.60E-01	-1.20E+00	
4.585E-4	1.40E-01	-1.20E+00	
4.59E-4	1.20E-01	-1.20E+00	
4.595E-4	1.40E-01	-1.20E+00	
4.6E-4	1.40E-01	-1.20E+00	
4.605E-4	1.40E-01	-1.28E+00	
4.61E-4	1.20E-01	-1.28E+00	
4.615E-4	1.20E-01	-1.20E+00	
4.62E-4	1.60E-01	-1.28E+00	
4.625E-4	1.40E-01	-1.28E+00	
4.63E-4	1.40E-01	-1.28E+00	
4.635E-4	1.40E-01	-1.28E+00	
4.64E-4	1.20E-01	-1.28E+00	
4.645E-4	1.20E-01	-1.28E+00	
4.65E-4	1.20E-01	-1.36E+00	
4.655E-4	1.20E-01	-1.28E+00	
4.66E-4	1.40E-01	-1.28E+00	
4.665E-4	1.40E-01	-1.36E+00	
4.67E-4	1.60E-01	-1.36E+00	
4.675E-4	1.40E-01	-1.36E+00	
4.68E-4	1.20E-01	-1.36E+00	
4.685E-4	1.40E-01	-1.36E+00	
4.69E-4	1.40E-01	-1.36E+00	
4.695E-4	1.40E-01	-1.36E+00	
4.7E-4	1.40E-01	-1.36E+00	
4.705E-4	1.60E-01	-1.44E+00	
4.71E-4	1.60E-01	-1.44E+00	
4.715E-4	1.40E-01	-1.36E+00	
4.72E-4	1.60E-01	-1.44E+00	
4.725E-4	1.40E-01	-1.44E+00	
4.73E-4	1.20E-01	-1.44E+00	
4.735E-4	1.40E-01	-1.44E+00	
4.74E-4	1.40E-01	-1.44E+00	
4.745E-4	1.60E-01	-1.44E+00	
4.75E-4	1.60E-01	-1.52E+00	
4.755E-4	1.20E-01	-1.52E+00	
4.76E-4	1.40E-01	-1.52E+00	
4.765E-4	1.60E-01	-1.52E+00	
4.77E-4	1.20E-01	-1.52E+00	
4.775E-4	1.40E-01	-1.52E+00	
4.78E-4	1.60E-01	-1.52E+00	
4.785E-4	1.60E-01	-1.60E+00	
4.79E-4	1.40E-01	-1.52E+00	
4.795E-4	1.40E-01	-1.52E+00	
4.8E-4	1.40E-01	-1.60E+00	
4.805E-4	1.20E-01	-1.52E+00	
4.81E-4	1.60E-01	-1.60E+00	
4.815E-4	1.60E-01	-1.60E+00	
4.82E-4	1.40E-01	-1.60E+00	
4.825E-4	1.40E-01	-1.60E+00	
4.83E-4	1.40E-01	-1.60E+00	
4.835E-4	1.40E-01	-1.60E+00	
4.84E-4	1.40E-01	-1.60E+00	
4.845E-4	1.40E-01	-1.60E+00	
4.85E-4	1.20E-01	-1.60E+00	
4.855E-4	1.40E-01	-1.60E+00	
4.86E-4	1.40E-01	-1.68E+00	
4.865E-4	1.60E-01	-1.68E+00	
4.87E-4	1.60E-01	-1.68E+00	
4.875E-4	1.40E-01	-1.68E+00	
4.88E-4	1.80E-01	-1.68E+00	
4.885E-4	1.60E-01	-1.68E+00	
4.89E-4	1.40E-01	-1.76E+00	
4.895E-4	1.40E-01	-1.68E+00	
4.9E-4	1.40E-01	-1.76E+00	
4.905E-4	1.60E-01	-1.76E+00	
4.91E-4	1.40E-01	-1.76E+00	
4.915E-4	1.40E-01	-1.76E+00	
4.92E-4	1.60E-01	-1.76E+00	
4.925E-4	1.60E-01	-1.76E+00	
4.93E-4	1.60E-01	-1.76E+00	
4.935E-4	1.40E-01	-1.76E+00	
4.94E-4	1.40E-01	-1.76E+00	
4.945E-4	1.40E-01	-1.76E+00	
4.95E-4	1.60E-01	-1.84E+00	
4.955E-4	1.40E-01	-1.84E+00	
4.96E-4	1.20E-01	-1.84E+00	
4.965E-4	1.40E-01	-1.84E+00	
4.97E-4	1.60E-01	-1.84E+00	
4.975E-4	1.60E-01	-1.84E+00	
4.98E-4	1.40E-01	-1.84E+00	
4.985E-4	1.60E-01	-1.84E+00	
4.99E-4	1.40E-01	-1.84E+00	
4.995E-4	1.60E-01	-1.92E+00	
5.E-4	1.40E-01	-1.92E+00	
5.005E-4	1.20E-01	-1.84E+00	
5.01E-4	1.60E-01	-1.92E+00	
5.015E-4	1.40E-01	-1.92E+00	
5.02E-4	1.00E-01	-1.92E+00	
5.025E-4	1.60E-01	-1.92E+00	
5.03E-4	2.00E-01	-1.92E+00	
5.035E-4	1.40E-01	-1.92E+00	
5.04E-4	1.20E-01	-1.92E+00	
5.045E-4	1.20E-01	-2.00E+00	
5.05E-4	1.40E-01	-2.00E+00	
5.055E-4	1.80E-01	-2.00E+00	
5.06E-4	1.60E-01	-2.00E+00	
5.065E-4	1.40E-01	-2.00E+00	
5.07E-4	1.60E-01	-2.00E+00	
5.075E-4	1.60E-01	-2.00E+00	
5.08E-4	1.40E-01	-2.00E+00	
5.085E-4	1.20E-01	-2.00E+00	
5.09E-4	1.20E-01	-2.08E+00	
5.095E-4	1.40E-01	-2.08E+00	
5.1E-4	1.60E-01	-2.00E+00	
5.105E-4	1.40E-01	-2.08E+00	
5.11E-4	1.60E-01	-2.08E+00	
5.115E-4	1.60E-01	-2.08E+00	
5.12E-4	1.40E-01	-2.08E+00	
5.125E-4	1.40E-01	-2.08E+00	
5.13E-4	1.60E-01	-2.08E+00	
5.135E-4	1.60E-01	-2.08E+00	
5.14E-4	1.60E-01	-2.16E+00	
5.145E-4	1.60E-01	-2.08E+00	
5.15E-4	1.40E-01	-2.16E+00	
5.155E-4	1.40E-01	-2.16E+00	
5.16E-4	1.40E-01	-2.08E+00	
5.165E-4	1.40E-01	-2.16E+00	
5.17E-4	1.80E-01	-2.16E+00	
5.175E-4	1.60E-01	-2.16E+00	
5.18E-4	1.40E-01	-2.16E+00	
5.185E-4	1.60E-01	-2.16E+00	
5.19E-4	1.60E-01	-2.16E+00	
5.195E-4	1.80E-01	-2.16E+00	
5.2E-4	1.80E-01	-2.24E+00	
5.205E-4	1.80E-01	-2.24E+00	
5.21E-4	1.60E-01	-2.24E+00	
5.215E-4	1.80E-01	-2.24E+00	
5.22E-4	1.60E-01	-2.24E+00	
5.225E-4	1.60E-01	-2.24E+00	
5.23E-4	1.60E-01	-2.24E+00	
5.235E-4	1.80E-01	-2.32E+00	
5.24E-4	1.80E-01	-2.24E+00	
5.245E-4	1.80E-01	-2.24E+00	
5.25E-4	1.80E-01	-2.24E+00	
5.255E-4	2.00E-01	-2.24E+00	
5.26E-4	1.80E-01	-2.24E+00	
5.265E-4	1.60E-01	-2.24E+00	
5.27E-4	1.60E-01	-2.24E+00	
5.275E-4	1.60E-01	-2.24E+00	
5.28E-4	1.80E-01	-2.24E+00	
5.285E-4	2.00E-01	-2.16E+00	
5.29E-4	1.80E-01	-2.16E+00	
5.295E-4	1.60E-01	-2.16E+00	
5.3E-4	2.00E-01	-2.16E+00	
5.305E-4	1.60E-01	-2.16E+00	
5.31E-4	1.60E-01	-2.16E+00	
5.315E-4	1.80E-01	-2.16E+00	
5.32E-4	1.60E-01	-2.08E+00	
5.325E-4	1.40E-01	-2.08E+00	
5.33E-4	1.60E-01	-2.08E+00	
5.335E-4	1.60E-01	-2.08E+00	
5.34E-4	1.60E-01	-2.08E+00	
5.345E-4	1.60E-01	-2.08E+00	
5.35E-4	1.80E-01	-2.08E+00	
5.355E-4	1.80E-01	-2.08E+00	
5.36E-4	1.80E-01	-2.08E+00	
5.365E-4	1.80E-01	-2.08E+00	
5.37E-4	1.60E-01	-2.00E+00	
5.375E-4	1.80E-01	-2.00E+00	
5.38E-4	1.80E-01	-2.00E+00	
5.385E-4	1.80E-01	-2.00E+00	
5.39E-4	1.40E-01	-2.08E+00	
5.395E-4	1.80E-01	-1.92E+00	
5.4E-4	1.60E-01	-2.00E+00	
5.405E-4	2.00E-01	-2.00E+00	
5.41E-4	1.80E-01	-2.00E+00	
5.415E-4	1.80E-01	-2.00E+00	
5.42E-4	1.60E-01	-1.92E+00	
5.425E-4	1.60E-01	-2.00E+00	
5.43E-4	1.60E-01	-1.92E+00	
5.435E-4	1.80E-01	-1.92E+00	
5.44E-4	1.80E-01	-1.84E+00	
5.445E-4	1.40E-01	-1.92E+00	
5.45E-4	1.80E-01	-1.84E+00	
5.455E-4	1.60E-01	-1.84E+00	
5.46E-4	1.60E-01	-1.84E+00	
5.465E-4	1.80E-01	-1.84E+00	
5.47E-4	1.80E-01	-1.84E+00	
5.475E-4	1.80E-01	-1.84E+00	
5.48E-4	1.80E-01	-1.84E+00	
5.485E-4	1.80E-01	-1.84E+00	
5.49E-4	1.80E-01	-1.84E+00	
5.495E-4	1.60E-01	-1.84E+00	
5.5E-4	1.80E-01	-1.84E+00	
5.505E-4	1.60E-01	-1.76E+00	
5.51E-4	1.80E-01	-1.76E+00	
5.515E-4	1.80E-01	-1.76E+00	
5.52E-4	1.20E-01	-1.76E+00	
5.525E-4	1.60E-01	-1.76E+00	
5.53E-4	2.20E-01	-1.76E+00	
5.535E-4	1.80E-01	-1.76E+00	
5.54E-4	1.60E-01	-1.68E+00	
5.545E-4	1.40E-01	-1.68E+00	
5.55E-4	1.60E-01	-1.68E+00	
5.555E-4	1.80E-01	-1.68E+00	
5.56E-4	2.00E-01	-1.68E+00	
5.565E-4	1.80E-01	-1.68E+00	
5.57E-4	1.40E-01	-1.68E+00	
5.575E-4	1.80E-01	-1.68E+00	
5.58E-4	2.20E-01	-1.68E+00	
5.585E-4	1.60E-01	-1.60E+00	
5.59E-4	1.80E-01	-1.60E+00	
5.595E-4	1.60E-01	-1.60E+00	
5.6E-4	1.80E-01	-1.60E+00	
5.605E-4	1.80E-01	-1.60E+00	
5.61E-4	1.60E-01	-1.60E+00	
5.615E-4	1.80E-01	-1.60E+00	
5.62E-4	1.80E-01	-1.60E+00	
5.625E-4	1.60E-01	-1.52E+00	
5.63E-4	1.60E-01	-1.52E+00	
5.635E-4	1.60E-01	-1.52E+00	
5.64E-4	1.80E-01	-1.60E+00	
5.645E-4	1.80E-01	-1.44E+00	
5.65E-4	1.60E-01	-1.52E+00	
5.655E-4	1.80E-01	-1.52E+00	
5.66E-4	1.80E-01	-1.44E+00	
5.665E-4	1.80E-01	-1.52E+00	
5.67E-4	1.80E-01	-1.44E+00	
5.675E-4	1.60E-01	-1.44E+00	
5.68E-4	1.80E-01	-1.44E+00	
5.685E-4	1.80E-01	-1.44E+00	
5.69E-4	1.40E-01	-1.44E+00	
5.695E-4	1.80E-01	-1.44E+00	
5.7E-4	1.60E-01	-1.44E+00	
5.705E-4	1.80E-01	-1.44E+00	
5.71E-4	1.80E-01	-1.44E+00	
5.715E-4	1.80E-01	-1.36E+00	
5.72E-4	1.80E-01	-1.44E+00	
5.725E-4	1.60E-01	-1.36E+00	
5.73E-4	1.80E-01	-1.36E+00	
5.735E-4	1.80E-01	-1.36E+00	
5.74E-4	1.80E-01	-1.36E+00	
5.745E-4	1.80E-01	-1.36E+00	
5.75E-4	1.80E-01	-1.28E+00	
5.755E-4	2.00E-01	-1.28E+00	
5.76E-4	1.80E-01	-1.28E+00	
5.765E-4	1.80E-01	-1.28E+00	
5.77E-4	1.80E-01	-1.28E+00	
5.775E-4	1.60E-01	-1.28E+00	
5.78E-4	1.60E-01	-1.28E+00	
5.785E-4	1.60E-01	-1.28E+00	
5.79E-4	1.60E-01	-1.20E+00	
5.795E-4	1.60E-01	-1.20E+00	
5.8E-4	1.80E-01	-1.20E+00	
5.805E-4	1.60E-01	-1.20E+00	
5.81E-4	1.60E-01	-1.20E+00	
5.815E-4	1.60E-01	-1.20E+00	
5.82E-4	1.80E-01	-1.20E+00	
5.825E-4	1.80E-01	-1.20E+00	
5.83E-4	1.80E-01	-1.20E+00	
5.835E-4	1.80E-01	-1.20E+00	
5.84E-4	1.80E-01	-1.20E+00	
5.845E-4	1.60E-01	-1.20E+00	
5.85E-4	1.40E-01	-1.12E+00	
5.855E-4	1.80E-01	-1.12E+00	
5.86E-4	2.00E-01	-1.12E+00	
5.865E-4	1.60E-01	-1.12E+00	
5.87E-4	1.60E-01	-1.04E+00	
5.875E-4	1.60E-01	-1.12E+00	
5.88E-4	1.80E-01	-1.12E+00	
5.885E-4	1.80E-01	-1.12E+00	
5.89E-4	1.80E-01	-1.12E+00	
5.895E-4	1.60E-01	-1.04E+00	
5.9E-4	1.60E-01	-1.04E+00	
5.905E-4	1.40E-01	-1.04E+00	
5.91E-4	1.40E-01	-1.04E+00	
5.915E-4	1.60E-01	-1.04E+00	
5.92E-4	1.60E-01	-1.04E+00	
5.925E-4	1.80E-01	-1.04E+00	
5.93E-4	1.80E-01	-9.60E-01	
5.935E-4	1.60E-01	-1.04E+00	
5.94E-4	1.60E-01	-1.04E+00	
5.945E-4	1.80E-01	-9.60E-01	
5.95E-4	1.80E-01	-9.60E-01	
5.955E-4	1.40E-01	-9.60E-01	
5.96E-4	1.60E-01	-9.60E-01	
5.965E-4	1.80E-01	-9.60E-01	
5.97E-4	1.60E-01	-9.60E-01	
5.975E-4	1.60E-01	-8.80E-01	
5.98E-4	1.60E-01	-8.80E-01	
5.985E-4	1.80E-01	-8.80E-01	
5.99E-4	1.60E-01	-9.60E-01	
5.995E-4	1.40E-01	-8.80E-01	
6.E-4	1.60E-01	-8.80E-01	
6.005E-4	1.60E-01	-8.80E-01	
6.01E-4	1.20E-01	-8.80E-01	
6.015E-4	1.60E-01	-8.80E-01	
6.02E-4	1.40E-01	-8.80E-01	
6.025E-4	1.40E-01	-8.80E-01	
6.03E-4	2.20E-01	-8.00E-01	
6.035E-4	2.00E-01	-8.00E-01	
6.04E-4	1.40E-01	-8.00E-01	
6.045E-4	1.20E-01	-8.00E-01	
6.05E-4	1.40E-01	-8.00E-01	
6.055E-4	1.80E-01	-8.00E-01	
6.06E-4	1.80E-01	-7.20E-01	
6.065E-4	1.40E-01	-8.00E-01	
6.07E-4	1.40E-01	-8.00E-01	
6.075E-4	1.60E-01	-8.00E-01	
6.08E-4	1.80E-01	-7.20E-01	
6.085E-4	1.40E-01	-8.00E-01	
6.09E-4	1.60E-01	-7.20E-01	
6.095E-4	1.60E-01	-7.20E-01	
6.1E-4	1.40E-01	-7.20E-01	
6.105E-4	1.60E-01	-7.20E-01	
6.11E-4	1.60E-01	-7.20E-01	
6.115E-4	1.40E-01	-7.20E-01	
6.12E-4	1.60E-01	-6.40E-01	
6.125E-4	1.80E-01	-6.40E-01	
6.13E-4	1.40E-01	-6.40E-01	
6.135E-4	1.40E-01	-6.40E-01	
6.14E-4	1.60E-01	-6.40E-01	
6.145E-4	1.60E-01	-6.40E-01	
6.15E-4	1.60E-01	-6.40E-01	
6.155E-4	1.40E-01	-6.40E-01	
6.16E-4	1.40E-01	-5.60E-01	
6.165E-4	1.60E-01	-6.40E-01	
6.17E-4	1.60E-01	-5.60E-01	
6.175E-4	1.40E-01	-5.60E-01	
6.18E-4	1.40E-01	-5.60E-01	
6.185E-4	1.60E-01	-5.60E-01	
6.19E-4	1.40E-01	-5.60E-01	
6.195E-4	1.40E-01	-5.60E-01	
6.2E-4	1.60E-01	-5.60E-01	
6.205E-4	1.60E-01	-5.60E-01	
6.21E-4	1.40E-01	-5.60E-01	
6.215E-4	1.60E-01	-4.80E-01	
6.22E-4	1.60E-01	-4.80E-01	
6.225E-4	1.40E-01	-4.80E-01	
6.23E-4	1.20E-01	-4.80E-01	
6.235E-4	1.40E-01	-4.80E-01	
6.24E-4	1.40E-01	-4.80E-01	
6.245E-4	1.40E-01	-4.00E-01	
6.25E-4	1.40E-01	-4.00E-01	
6.255E-4	1.80E-01	-4.00E-01	
6.26E-4	1.80E-01	-4.00E-01	
6.265E-4	1.40E-01	-4.00E-01	
6.27E-4	1.40E-01	-4.00E-01	
6.275E-4	1.40E-01	-4.00E-01	
6.28E-4	1.40E-01	-3.20E-01	
6.285E-4	1.60E-01	-3.20E-01	
6.29E-4	1.60E-01	-4.00E-01	
6.295E-4	1.60E-01	-3.20E-01	
6.3E-4	1.80E-01	-3.20E-01	
6.305E-4	1.60E-01	-3.20E-01	
6.31E-4	1.60E-01	-3.20E-01	
6.315E-4	1.60E-01	-3.20E-01	
6.32E-4	1.40E-01	-3.20E-01	
6.325E-4	1.40E-01	-3.20E-01	
6.33E-4	1.60E-01	-3.20E-01	
6.335E-4	1.60E-01	-2.40E-01	
6.34E-4	1.60E-01	-2.40E-01	
6.345E-4	1.60E-01	-2.40E-01	
6.35E-4	1.80E-01	-2.40E-01	
6.355E-4	1.60E-01	-2.40E-01	
6.36E-4	1.40E-01	-1.60E-01	
6.365E-4	1.60E-01	-2.40E-01	
6.37E-4	1.80E-01	-2.40E-01	
6.375E-4	1.60E-01	-2.40E-01	
6.38E-4	1.80E-01	-1.60E-01	
6.385E-4	2.00E-01	-1.60E-01	
6.39E-4	1.80E-01	-2.40E-01	
6.395E-4	1.80E-01	-1.60E-01	
6.4E-4	1.80E-01	-1.60E-01	
6.405E-4	2.00E-01	-1.60E-01	
6.41E-4	2.20E-01	-8.00E-02	
6.415E-4	2.60E-01	-1.60E-01	
6.42E-4	2.40E-01	-8.00E-02	
6.425E-4	2.40E-01	-8.00E-02	
6.43E-4	2.40E-01	-8.00E-02	
6.435E-4	2.80E-01	-8.00E-02	
6.44E-4	3.00E-01	-8.00E-02	
6.445E-4	3.00E-01	0.00E+00	
6.45E-4	3.20E-01	-8.00E-02	
6.455E-4	3.20E-01	-8.00E-02	
6.46E-4	3.60E-01	0.00E+00	
6.465E-4	4.00E-01	0.00E+00	
6.47E-4	4.00E-01	0.00E+00	
6.475E-4	4.00E-01	0.00E+00	
6.48E-4	4.60E-01	0.00E+00	
6.485E-4	4.80E-01	0.00E+00	
6.49E-4	5.20E-01	0.00E+00	
6.495E-4	5.60E-01	0.00E+00	
6.5E-4	5.60E-01	8.00E-02	
6.505E-4	6.00E-01	8.00E-02	
6.51E-4	6.00E-01	8.00E-02	
6.515E-4	6.20E-01	8.00E-02	
6.52E-4	6.40E-01	8.00E-02	
6.525E-4	6.40E-01	8.00E-02	
6.53E-4	7.20E-01	1.60E-01	
6.535E-4	7.60E-01	1.60E-01	
6.54E-4	7.60E-01	1.60E-01	
6.545E-4	7.40E-01	1.60E-01	
6.55E-4	7.60E-01	1.60E-01	
6.555E-4	8.00E-01	1.60E-01	
6.56E-4	8.00E-01	1.60E-01	
6.565E-4	8.20E-01	2.40E-01	
6.57E-4	8.00E-01	1.60E-01	
6.575E-4	8.00E-01	1.60E-01	
6.58E-4	8.20E-01	1.60E-01	
6.585E-4	8.00E-01	1.60E-01	
6.59E-4	8.00E-01	2.40E-01	
6.595E-4	7.80E-01	2.40E-01	
6.6E-4	7.80E-01	2.40E-01	
6.605E-4	7.80E-01	3.20E-01	
6.61E-4	7.40E-01	2.40E-01	
6.615E-4	7.60E-01	3.20E-01	
6.62E-4	7.20E-01	3.20E-01	
6.625E-4	7.00E-01	4.00E-01	
6.63E-4	6.80E-01	4.00E-01	
6.635E-4	6.60E-01	4.80E-01	
6.64E-4	6.40E-01	5.60E-01	
6.645E-4	6.20E-01	5.60E-01	
6.65E-4	5.80E-01	7.20E-01	
6.655E-4	5.60E-01	7.20E-01	
6.66E-4	5.40E-01	8.80E-01	
6.665E-4	5.20E-01	9.60E-01	
6.67E-4	5.00E-01	1.20E+00	
6.675E-4	4.60E-01	1.28E+00	
6.68E-4	4.80E-01	1.36E+00	
6.685E-4	4.40E-01	1.52E+00	
6.69E-4	4.20E-01	1.68E+00	
6.695E-4	4.20E-01	1.76E+00	
6.7E-4	4.00E-01	1.84E+00	
6.705E-4	3.60E-01	1.92E+00	
6.71E-4	3.40E-01	2.00E+00	
6.715E-4	3.40E-01	2.00E+00	
6.72E-4	3.40E-01	2.00E+00	
6.725E-4	3.20E-01	2.00E+00	
6.73E-4	3.20E-01	1.92E+00	
6.735E-4	3.40E-01	1.92E+00	
6.74E-4	3.20E-01	1.84E+00	
6.745E-4	3.00E-01	1.76E+00	
6.75E-4	3.00E-01	1.68E+00	
6.755E-4	3.20E-01	1.60E+00	
6.76E-4	3.00E-01	1.60E+00	
6.765E-4	3.00E-01	1.60E+00	
6.77E-4	3.00E-01	1.60E+00	
6.775E-4	3.00E-01	1.60E+00	
6.78E-4	3.00E-01	1.60E+00	
6.785E-4	3.20E-01	1.68E+00	
6.79E-4	3.20E-01	1.68E+00	
6.795E-4	3.00E-01	1.76E+00	
6.8E-4	3.00E-01	1.84E+00	
6.805E-4	3.00E-01	1.92E+00	
6.81E-4	3.00E-01	2.00E+00	
6.815E-4	2.80E-01	2.08E+00	
6.82E-4	3.00E-01	2.16E+00	
6.825E-4	2.80E-01	2.24E+00	
6.83E-4	2.60E-01	2.24E+00	
6.835E-4	2.80E-01	2.32E+00	
6.84E-4	2.80E-01	2.32E+00	
6.845E-4	2.80E-01	2.40E+00	
6.85E-4	2.80E-01	2.40E+00	
6.855E-4	2.80E-01	2.40E+00	
6.86E-4	2.60E-01	2.40E+00	
6.865E-4	2.60E-01	2.48E+00	
6.87E-4	2.60E-01	2.48E+00	
6.875E-4	2.40E-01	2.56E+00	
6.88E-4	2.40E-01	2.64E+00	
6.885E-4	2.40E-01	2.80E+00	
6.89E-4	2.20E-01	2.88E+00	
6.895E-4	2.20E-01	3.04E+00	
6.9E-4	2.40E-01	3.28E+00	
6.905E-4	2.20E-01	3.44E+00	
6.91E-4	2.00E-01	3.68E+00	
6.915E-4	2.00E-01	3.76E+00	
6.92E-4	2.00E-01	4.00E+00	
6.925E-4	1.80E-01	4.16E+00	
6.93E-4	1.80E-01	4.24E+00	
6.935E-4	1.80E-01	4.40E+00	
6.94E-4	2.00E-01	4.48E+00	
6.945E-4	1.80E-01	4.56E+00	
6.95E-4	1.60E-01	4.56E+00	
6.955E-4	1.60E-01	4.64E+00	
6.96E-4	1.60E-01	4.72E+00	
6.965E-4	2.00E-01	4.80E+00	
6.97E-4	1.60E-01	4.80E+00	
6.975E-4	1.60E-01	4.88E+00	
6.98E-4	1.40E-01	4.88E+00	
6.985E-4	1.60E-01	4.96E+00	
6.99E-4	1.60E-01	4.96E+00	
6.995E-4	1.60E-01	4.96E+00	
7.E-4	1.60E-01	4.88E+00	
7.005E-4	1.60E-01	4.88E+00	
7.01E-4	1.40E-01	4.96E+00	
7.015E-4	1.20E-01	4.88E+00	
7.02E-4	1.20E-01	4.80E+00	
7.025E-4	8.00E-02	4.72E+00	
7.03E-4	1.60E-01	4.64E+00	
7.035E-4	2.00E-01	4.48E+00	
7.04E-4	1.60E-01	4.40E+00	
7.045E-4	1.20E-01	4.24E+00	
7.05E-4	1.20E-01	4.08E+00	
7.055E-4	1.20E-01	3.92E+00	
7.06E-4	1.60E-01	3.68E+00	
7.065E-4	1.60E-01	3.44E+00	
7.07E-4	1.20E-01	3.20E+00	
7.075E-4	1.20E-01	3.04E+00	
7.08E-4	1.40E-01	2.88E+00	
7.085E-4	1.40E-01	2.64E+00	
7.09E-4	1.40E-01	2.48E+00	
7.095E-4	1.60E-01	2.24E+00	
7.1E-4	1.40E-01	2.08E+00	
7.105E-4	1.40E-01	2.00E+00	
7.11E-4	1.40E-01	1.76E+00	
7.115E-4	1.00E-01	1.68E+00	
7.12E-4	1.40E-01	1.60E+00	
7.125E-4	1.40E-01	1.44E+00	
7.13E-4	1.40E-01	1.36E+00	
7.135E-4	1.40E-01	1.28E+00	
7.14E-4	1.60E-01	1.28E+00	
7.145E-4	1.60E-01	1.12E+00	
7.15E-4	1.60E-01	1.20E+00	
7.155E-4	1.40E-01	1.04E+00	
7.16E-4	1.60E-01	1.04E+00	
7.165E-4	1.60E-01	1.04E+00	
7.17E-4	1.60E-01	9.60E-01	
7.175E-4	1.60E-01	9.60E-01	
7.18E-4	1.60E-01	8.80E-01	
7.185E-4	1.60E-01	8.00E-01	
7.19E-4	1.80E-01	8.00E-01	
7.195E-4	2.00E-01	7.20E-01	
7.2E-4	2.00E-01	6.40E-01	
7.205E-4	2.00E-01	7.20E-01	
7.21E-4	1.80E-01	7.20E-01	
7.215E-4	2.00E-01	6.40E-01	
7.22E-4	2.20E-01	7.20E-01	
7.225E-4	2.40E-01	7.20E-01	
7.23E-4	2.60E-01	7.20E-01	
7.235E-4	2.40E-01	8.00E-01	
7.24E-4	2.60E-01	7.20E-01	
7.245E-4	3.20E-01	8.80E-01	
7.25E-4	3.20E-01	8.00E-01	
7.255E-4	3.40E-01	6.40E-01	
7.26E-4	3.80E-01	8.80E-01	
7.265E-4	4.20E-01	8.00E-01	
7.27E-4	4.40E-01	8.80E-01	
7.275E-4	4.40E-01	8.00E-01	
7.28E-4	5.00E-01	8.80E-01	
7.285E-4	5.40E-01	8.00E-01	
7.29E-4	5.80E-01	9.60E-01	
7.295E-4	6.20E-01	8.80E-01	
7.3E-4	6.60E-01	9.60E-01	
7.305E-4	7.20E-01	9.60E-01	
7.31E-4	7.80E-01	1.04E+00	
7.315E-4	8.20E-01	1.04E+00	
7.32E-4	8.60E-01	1.12E+00	
7.325E-4	9.00E-01	1.12E+00	
7.33E-4	9.60E-01	1.20E+00	
7.335E-4	1.02E+00	1.20E+00	
7.34E-4	1.08E+00	1.36E+00	
7.345E-4	1.12E+00	1.44E+00	
7.35E-4	1.16E+00	1.60E+00	
7.355E-4	1.22E+00	1.68E+00	
7.36E-4	1.28E+00	1.92E+00	
7.365E-4	1.34E+00	2.16E+00	
7.37E-4	1.36E+00	2.32E+00	
7.375E-4	1.40E+00	2.64E+00	
7.38E-4	1.46E+00	2.80E+00	
7.385E-4	1.48E+00	3.20E+00	
7.39E-4	1.54E+00	3.52E+00	
7.395E-4	1.56E+00	3.84E+00	
7.4E-4	1.60E+00	4.56E+00	
7.405E-4	1.62E+00	4.64E+00	
7.41E-4	1.66E+00	5.28E+00	
7.415E-4	1.66E+00	5.60E+00	
7.42E-4	1.70E+00	6.00E+00	
7.425E-4	1.72E+00	6.48E+00	
7.43E-4	1.72E+00	6.80E+00	
7.435E-4	1.74E+00	7.12E+00	
7.44E-4	1.74E+00	7.44E+00	
7.445E-4	1.74E+00	7.84E+00	
7.45E-4	1.74E+00	8.08E+00	
7.455E-4	1.76E+00	8.32E+00	
7.46E-4	1.72E+00	8.32E+00	
7.465E-4	1.72E+00	8.48E+00	
7.47E-4	1.72E+00	8.40E+00	
7.475E-4	1.72E+00	8.40E+00	
7.48E-4	1.70E+00	8.16E+00	
7.485E-4	1.66E+00	8.00E+00	
7.49E-4	1.64E+00	7.76E+00	
7.495E-4	1.64E+00	7.36E+00	
7.5E-4	1.64E+00	6.96E+00	
7.505E-4	1.60E+00	6.40E+00	
7.51E-4	1.56E+00	5.92E+00	
7.515E-4	1.52E+00	5.36E+00	
7.52E-4	1.50E+00	4.72E+00	
7.525E-4	1.42E+00	4.24E+00	
7.53E-4	1.40E+00	3.84E+00	
7.535E-4	1.44E+00	3.52E+00	
7.54E-4	1.36E+00	3.20E+00	
7.545E-4	1.26E+00	2.80E+00	
7.55E-4	1.22E+00	2.72E+00	
7.555E-4	1.20E+00	2.40E+00	
7.56E-4	1.20E+00	2.24E+00	
7.565E-4	1.16E+00	2.16E+00	
7.57E-4	1.12E+00	2.08E+00	
7.575E-4	1.08E+00	2.08E+00	
7.58E-4	1.04E+00	2.08E+00	
7.585E-4	1.00E+00	1.92E+00	
7.59E-4	9.60E-01	2.08E+00	
7.595E-4	9.40E-01	1.92E+00	
7.6E-4	9.00E-01	2.00E+00	
7.605E-4	8.60E-01	2.00E+00	
7.61E-4	8.00E-01	1.92E+00	
7.615E-4	8.00E-01	1.92E+00	
7.62E-4	7.40E-01	1.84E+00	
7.625E-4	7.40E-01	2.00E+00	
7.63E-4	7.20E-01	2.00E+00	
7.635E-4	6.60E-01	2.16E+00	
7.64E-4	6.20E-01	1.92E+00	
7.645E-4	6.00E-01	1.92E+00	
7.65E-4	5.60E-01	2.24E+00	
7.655E-4	5.20E-01	2.08E+00	
7.66E-4	5.20E-01	2.16E+00	
7.665E-4	4.80E-01	2.24E+00	
7.67E-4	4.80E-01	2.32E+00	
7.675E-4	4.40E-01	2.40E+00	
7.68E-4	4.00E-01	2.56E+00	
7.685E-4	4.00E-01	2.64E+00	
7.69E-4	3.80E-01	2.64E+00	
7.695E-4	3.40E-01	2.80E+00	
7.7E-4	3.20E-01	2.80E+00	
7.705E-4	3.20E-01	2.96E+00	
7.71E-4	3.00E-01	3.04E+00	
7.715E-4	3.00E-01	2.96E+00	
7.72E-4	3.00E-01	3.12E+00	
7.725E-4	2.80E-01	3.20E+00	
7.73E-4	2.60E-01	3.12E+00	
7.735E-4	2.60E-01	3.04E+00	
7.74E-4	2.40E-01	3.20E+00	
7.745E-4	2.20E-01	3.12E+00	
7.75E-4	2.00E-01	3.28E+00	
7.755E-4	2.00E-01	3.28E+00	
7.76E-4	2.40E-01	3.36E+00	
7.765E-4	2.00E-01	3.60E+00	
7.77E-4	2.00E-01	3.76E+00	
7.775E-4	1.80E-01	4.00E+00	
7.78E-4	1.60E-01	4.24E+00	
7.785E-4	1.80E-01	4.48E+00	
7.79E-4	1.80E-01	4.72E+00	
7.795E-4	1.80E-01	4.96E+00	
7.8E-4	1.80E-01	5.28E+00	
7.805E-4	1.80E-01	5.44E+00	
7.81E-4	1.60E-01	5.52E+00	
7.815E-4	1.60E-01	5.68E+00	
7.82E-4	1.80E-01	5.68E+00	
7.825E-4	1.60E-01	5.76E+00	
7.83E-4	1.60E-01	5.60E+00	
7.835E-4	1.40E-01	5.44E+00	
7.84E-4	1.60E-01	5.36E+00	
7.845E-4	1.40E-01	5.12E+00	
7.85E-4	1.20E-01	4.96E+00	
7.855E-4	1.40E-01	4.64E+00	
7.86E-4	1.20E-01	4.40E+00	
7.865E-4	1.40E-01	4.08E+00	
7.87E-4	1.20E-01	3.84E+00	
7.875E-4	1.00E-01	3.68E+00	
7.88E-4	1.20E-01	3.44E+00	
7.885E-4	1.20E-01	3.36E+00	
7.89E-4	1.40E-01	3.20E+00	
7.895E-4	1.00E-01	3.04E+00	
7.9E-4	1.20E-01	3.28E+00	
7.905E-4	1.60E-01	2.96E+00	
7.91E-4	1.40E-01	2.88E+00	
7.915E-4	1.40E-01	3.04E+00	
7.92E-4	1.40E-01	2.88E+00	
7.925E-4	1.40E-01	3.04E+00	
7.93E-4	1.20E-01	2.96E+00	
7.935E-4	1.40E-01	2.96E+00	
7.94E-4	1.40E-01	2.96E+00	
7.945E-4	1.40E-01	2.96E+00	
7.95E-4	1.40E-01	2.96E+00	
7.955E-4	1.20E-01	2.96E+00	
7.96E-4	1.20E-01	2.96E+00	
7.965E-4	1.40E-01	2.96E+00	
7.97E-4	1.40E-01	2.96E+00	
7.975E-4	1.20E-01	3.04E+00	
7.98E-4	1.20E-01	3.04E+00	
7.985E-4	1.40E-01	3.04E+00	
7.99E-4	1.20E-01	2.96E+00	
7.995E-4	1.20E-01	3.12E+00	
8.E-4	1.00E-01	3.12E+00	
8.005E-4	1.00E-01	3.04E+00	
8.01E-4	1.20E-01	3.12E+00	
8.015E-4	1.20E-01	3.20E+00	
8.02E-4	1.20E-01	3.20E+00	
8.025E-4	8.00E-02	3.12E+00	
8.03E-4	1.20E-01	3.28E+00	
8.035E-4	1.60E-01	3.20E+00	
8.04E-4	1.60E-01	3.28E+00	
8.045E-4	1.00E-01	3.28E+00	
8.05E-4	8.00E-02	3.28E+00	
8.055E-4	8.00E-02	3.28E+00	
8.06E-4	1.20E-01	3.28E+00	
8.065E-4	1.40E-01	3.36E+00	
8.07E-4	1.40E-01	3.28E+00	
8.075E-4	1.20E-01	3.36E+00	
8.08E-4	1.20E-01	3.36E+00	
8.085E-4	1.00E-01	3.36E+00	
8.09E-4	1.20E-01	3.52E+00	
8.095E-4	1.00E-01	3.36E+00	
8.1E-4	1.20E-01	3.36E+00	
8.105E-4	1.20E-01	3.44E+00	
8.11E-4	1.20E-01	3.44E+00	
8.115E-4	1.00E-01	3.52E+00	
8.12E-4	1.00E-01	3.52E+00	
8.125E-4	1.40E-01	3.60E+00	
8.13E-4	1.20E-01	3.60E+00	
8.135E-4	1.20E-01	3.68E+00	
8.14E-4	1.20E-01	3.52E+00	
8.145E-4	1.20E-01	3.44E+00	
8.15E-4	1.00E-01	3.76E+00	
8.155E-4	1.20E-01	3.60E+00	
8.16E-4	1.00E-01	3.52E+00	
8.165E-4	1.00E-01	3.76E+00	
8.17E-4	1.00E-01	3.60E+00	
8.175E-4	1.20E-01	3.68E+00	
8.18E-4	1.20E-01	3.76E+00	
8.185E-4	1.00E-01	3.68E+00	
8.19E-4	1.00E-01	3.76E+00	
8.195E-4	1.40E-01	3.76E+00	
8.2E-4	1.20E-01	3.68E+00	
8.205E-4	1.20E-01	3.76E+00	
8.21E-4	1.20E-01	3.84E+00	
8.215E-4	1.20E-01	3.76E+00	
8.22E-4	1.20E-01	3.84E+00	
8.225E-4	1.20E-01	3.84E+00	
8.23E-4	1.20E-01	3.84E+00	
8.235E-4	1.20E-01	3.84E+00	
8.24E-4	1.20E-01	3.84E+00	
8.245E-4	1.20E-01	3.84E+00	
8.25E-4	1.20E-01	3.92E+00	
8.255E-4	1.20E-01	3.92E+00	
8.26E-4	1.40E-01	3.84E+00	
8.265E-4	1.60E-01	4.00E+00	
8.27E-4	1.60E-01	3.92E+00	
8.275E-4	1.40E-01	3.84E+00	
8.28E-4	1.60E-01	3.92E+00	
8.285E-4	1.60E-01	3.92E+00	
8.29E-4	1.80E-01	3.84E+00	
8.295E-4	1.80E-01	3.84E+00	
8.3E-4	1.60E-01	3.76E+00	
8.305E-4	2.00E-01	3.76E+00	
8.31E-4	2.20E-01	3.76E+00	
8.315E-4	2.40E-01	3.76E+00	
8.32E-4	2.40E-01	3.76E+00	
8.325E-4	2.60E-01	3.68E+00	
8.33E-4	2.80E-01	3.68E+00	
8.335E-4	2.80E-01	3.68E+00	
8.34E-4	2.80E-01	3.68E+00	
8.345E-4	3.00E-01	3.60E+00	
8.35E-4	3.20E-01	3.68E+00	
8.355E-4	3.60E-01	3.68E+00	
8.36E-4	4.20E-01	3.60E+00	
8.365E-4	4.60E-01	3.52E+00	
8.37E-4	4.60E-01	3.52E+00	
8.375E-4	5.00E-01	3.52E+00	
8.38E-4	5.60E-01	3.52E+00	
8.385E-4	6.00E-01	3.52E+00	
8.39E-4	6.20E-01	3.52E+00	
8.395E-4	6.80E-01	3.36E+00	
8.4E-4	7.20E-01	3.60E+00	
8.405E-4	7.60E-01	3.44E+00	
8.41E-4	8.20E-01	3.36E+00	
8.415E-4	8.80E-01	3.52E+00	
8.42E-4	9.40E-01	3.36E+00	
8.425E-4	1.00E+00	3.36E+00	
8.43E-4	1.04E+00	3.36E+00	
8.435E-4	1.12E+00	3.36E+00	
8.44E-4	1.14E+00	3.44E+00	
8.445E-4	1.22E+00	3.36E+00	
8.45E-4	1.26E+00	3.28E+00	
8.455E-4	1.30E+00	3.28E+00	
8.46E-4	1.36E+00	3.36E+00	
8.465E-4	1.42E+00	3.20E+00	
8.47E-4	1.48E+00	3.20E+00	
8.475E-4	1.54E+00	3.36E+00	
8.48E-4	1.56E+00	3.20E+00	
8.485E-4	1.64E+00	3.20E+00	
8.49E-4	1.70E+00	3.20E+00	
8.495E-4	1.74E+00	3.12E+00	
8.5E-4	1.76E+00	3.20E+00	
8.505E-4	1.78E+00	3.20E+00	
8.51E-4	1.84E+00	3.04E+00	
8.515E-4	1.84E+00	3.20E+00	
8.52E-4	1.88E+00	3.12E+00	
8.525E-4	1.90E+00	2.96E+00	
8.53E-4	1.90E+00	3.12E+00	
8.535E-4	2.02E+00	3.12E+00	
8.54E-4	2.06E+00	3.04E+00	
8.545E-4	2.02E+00	2.96E+00	
8.55E-4	2.04E+00	2.96E+00	
8.555E-4	2.06E+00	3.04E+00	
8.56E-4	2.06E+00	2.96E+00	
8.565E-4	2.14E+00	2.96E+00	
8.57E-4	2.12E+00	2.96E+00	
8.575E-4	2.12E+00	2.88E+00	
8.58E-4	2.12E+00	2.96E+00	
8.585E-4	2.14E+00	2.88E+00	
8.59E-4	2.14E+00	2.88E+00	
8.595E-4	2.12E+00	2.80E+00	
8.6E-4	2.16E+00	2.88E+00	
8.605E-4	2.16E+00	2.72E+00	
8.61E-4	2.16E+00	2.80E+00	
8.615E-4	2.14E+00	2.64E+00	
8.62E-4	2.14E+00	2.72E+00	
8.625E-4	2.12E+00	2.72E+00	
8.63E-4	2.10E+00	2.72E+00	
8.635E-4	2.06E+00	2.72E+00	
8.64E-4	2.04E+00	2.72E+00	
8.645E-4	2.02E+00	2.64E+00	
8.65E-4	2.00E+00	2.72E+00	
8.655E-4	1.98E+00	2.64E+00	
8.66E-4	1.94E+00	2.48E+00	
8.665E-4	1.92E+00	2.56E+00	
8.67E-4	1.88E+00	2.56E+00	
8.675E-4	1.84E+00	2.56E+00	
8.68E-4	1.78E+00	2.48E+00	
8.685E-4	1.74E+00	2.48E+00	
8.69E-4	1.72E+00	2.56E+00	
8.695E-4	1.64E+00	2.48E+00	
8.7E-4	1.58E+00	2.48E+00	
8.705E-4	1.52E+00	2.40E+00	
8.71E-4	1.48E+00	2.40E+00	
8.715E-4	1.48E+00	2.32E+00	
8.72E-4	1.42E+00	2.40E+00	
8.725E-4	1.34E+00	2.32E+00	
8.73E-4	1.30E+00	2.40E+00	
8.735E-4	1.26E+00	2.40E+00	
8.74E-4	1.20E+00	2.32E+00	
8.745E-4	1.20E+00	2.40E+00	
8.75E-4	1.14E+00	2.32E+00	
8.755E-4	1.12E+00	2.32E+00	
8.76E-4	1.10E+00	2.24E+00	
8.765E-4	1.08E+00	2.24E+00	
8.77E-4	1.08E+00	2.32E+00	
8.775E-4	1.04E+00	2.24E+00	
8.78E-4	1.02E+00	2.24E+00	
8.785E-4	1.00E+00	2.24E+00	
8.79E-4	1.02E+00	2.24E+00	
8.795E-4	1.04E+00	2.32E+00	
8.8E-4	1.02E+00	2.24E+00	
8.805E-4	1.04E+00	2.16E+00	
8.81E-4	1.06E+00	2.24E+00	
8.815E-4	1.06E+00	2.24E+00	
8.82E-4	1.04E+00	2.40E+00	
8.825E-4	1.00E+00	2.40E+00	
8.83E-4	1.02E+00	2.56E+00	
8.835E-4	1.02E+00	2.56E+00	
8.84E-4	1.02E+00	2.72E+00	
8.845E-4	1.02E+00	2.88E+00	
8.85E-4	1.04E+00	3.04E+00	
8.855E-4	9.80E-01	3.20E+00	
8.86E-4	9.60E-01	3.52E+00	
8.865E-4	9.80E-01	3.52E+00	
8.87E-4	9.60E-01	3.92E+00	
8.875E-4	9.40E-01	4.24E+00	
8.88E-4	9.20E-01	4.40E+00	
8.885E-4	8.80E-01	4.56E+00	
8.89E-4	8.80E-01	4.72E+00	
8.895E-4	8.60E-01	4.88E+00	
8.9E-4	8.40E-01	4.80E+00	
8.905E-4	8.20E-01	5.12E+00	
8.91E-4	7.60E-01	4.80E+00	
8.915E-4	7.40E-01	4.96E+00	
8.92E-4	7.40E-01	4.80E+00	
8.925E-4	7.20E-01	4.72E+00	
8.93E-4	6.80E-01	4.56E+00	
8.935E-4	6.60E-01	4.40E+00	
8.94E-4	6.40E-01	4.16E+00	
8.945E-4	6.20E-01	3.84E+00	
8.95E-4	6.00E-01	3.60E+00	
8.955E-4	5.80E-01	3.44E+00	
8.96E-4	5.40E-01	3.20E+00	
8.965E-4	5.40E-01	2.96E+00	
8.97E-4	5.60E-01	2.88E+00	
8.975E-4	5.20E-01	2.72E+00	
8.98E-4	5.40E-01	2.56E+00	
8.985E-4	5.40E-01	2.40E+00	
8.99E-4	5.40E-01	2.48E+00	
8.995E-4	5.60E-01	2.32E+00	
9.E-4	5.60E-01	2.40E+00	
9.005E-4	5.80E-01	2.32E+00	
9.01E-4	6.00E-01	2.16E+00	
9.015E-4	6.00E-01	2.32E+00	
9.02E-4	6.20E-01	2.32E+00	
9.025E-4	6.60E-01	2.24E+00	
9.03E-4	6.20E-01	2.32E+00	
9.035E-4	7.20E-01	2.16E+00	
9.04E-4	7.60E-01	2.16E+00	
9.045E-4	7.60E-01	2.08E+00	
9.05E-4	7.40E-01	2.00E+00	
9.055E-4	7.60E-01	2.00E+00	
9.06E-4	7.80E-01	1.84E+00	
9.065E-4	8.40E-01	1.84E+00	
9.07E-4	8.40E-01	1.76E+00	
9.075E-4	8.40E-01	1.68E+00	
9.08E-4	8.60E-01	1.60E+00	
9.085E-4	8.80E-01	1.52E+00	
9.09E-4	8.60E-01	1.60E+00	
9.095E-4	8.60E-01	1.44E+00	
9.1E-4	8.80E-01	1.36E+00	
9.105E-4	8.40E-01	1.28E+00	
9.11E-4	8.60E-01	1.28E+00	
9.115E-4	8.60E-01	1.28E+00	
9.12E-4	8.20E-01	1.28E+00	
9.125E-4	8.20E-01	1.20E+00	
9.13E-4	8.00E-01	1.12E+00	
9.135E-4	7.60E-01	1.20E+00	
9.14E-4	7.60E-01	1.12E+00	
9.145E-4	7.40E-01	1.12E+00	
9.15E-4	6.60E-01	9.60E-01	
9.155E-4	6.20E-01	1.20E+00	
9.16E-4	6.20E-01	1.04E+00	
9.165E-4	5.80E-01	1.12E+00	
9.17E-4	5.40E-01	1.12E+00	
9.175E-4	5.40E-01	9.60E-01	
9.18E-4	5.00E-01	1.04E+00	
9.185E-4	4.60E-01	9.60E-01	
9.19E-4	4.20E-01	1.12E+00	
9.195E-4	4.00E-01	1.04E+00	
9.2E-4	4.00E-01	1.12E+00	
9.205E-4	3.60E-01	1.04E+00	
9.21E-4	3.00E-01	1.20E+00	
9.215E-4	3.00E-01	1.12E+00	
9.22E-4	3.00E-01	1.28E+00	
9.225E-4	2.60E-01	1.36E+00	
9.23E-4	2.60E-01	1.60E+00	
9.235E-4	2.20E-01	1.52E+00	
9.24E-4	2.00E-01	1.76E+00	
9.245E-4	1.80E-01	1.92E+00	
9.25E-4	1.80E-01	2.16E+00	
9.255E-4	1.60E-01	2.32E+00	
9.26E-4	1.40E-01	2.72E+00	
9.265E-4	1.40E-01	3.20E+00	
9.27E-4	1.20E-01	3.68E+00	
9.275E-4	1.20E-01	4.16E+00	
9.28E-4	1.20E-01	4.40E+00	
9.285E-4	1.20E-01	4.88E+00	
9.29E-4	1.00E-01	5.44E+00	
9.295E-4	1.20E-01	5.76E+00	
9.3E-4	8.00E-02	6.16E+00	
9.305E-4	8.00E-02	6.56E+00	
9.31E-4	8.00E-02	6.88E+00	
9.315E-4	1.00E-01	7.20E+00	
9.32E-4	8.00E-02	7.44E+00	
9.325E-4	8.00E-02	7.68E+00	
9.33E-4	8.00E-02	7.76E+00	
9.335E-4	8.00E-02	7.76E+00	
9.34E-4	8.00E-02	7.92E+00	
9.345E-4	6.00E-02	7.84E+00	
9.35E-4	8.00E-02	7.76E+00	
9.355E-4	6.00E-02	7.60E+00	
9.36E-4	6.00E-02	7.52E+00	
9.365E-4	8.00E-02	7.20E+00	
9.37E-4	6.00E-02	7.04E+00	
9.375E-4	8.00E-02	6.72E+00	
9.38E-4	6.00E-02	6.56E+00	
9.385E-4	4.00E-02	6.32E+00	
9.39E-4	4.00E-02	6.00E+00	
9.395E-4	8.00E-02	5.60E+00	
9.4E-4	6.00E-02	5.04E+00	
9.405E-4	4.00E-02	4.96E+00	
9.41E-4	4.00E-02	4.32E+00	
9.415E-4	4.00E-02	4.16E+00	
9.42E-4	4.00E-02	3.76E+00	
9.425E-4	6.00E-02	3.44E+00	
9.43E-4	4.00E-02	3.20E+00	
9.435E-4	8.00E-02	2.72E+00	
9.44E-4	6.00E-02	2.48E+00	
9.445E-4	6.00E-02	2.16E+00	
9.45E-4	4.00E-02	2.00E+00	
9.455E-4	4.00E-02	1.68E+00	
9.46E-4	2.00E-02	1.44E+00	
9.465E-4	4.00E-02	1.20E+00	
9.47E-4	4.00E-02	1.20E+00	
9.475E-4	4.00E-02	9.60E-01	
9.48E-4	6.00E-02	8.80E-01	
9.485E-4	4.00E-02	7.20E-01	
9.49E-4	6.00E-02	6.40E-01	
9.495E-4	4.00E-02	5.60E-01	
9.5E-4	4.00E-02	5.60E-01	
9.505E-4	4.00E-02	4.00E-01	
9.51E-4	4.00E-02	3.20E-01	
9.515E-4	4.00E-02	4.00E-01	
9.52E-4	4.00E-02	3.20E-01	
9.525E-4	4.00E-02	2.40E-01	
9.53E-4	0.00E+00	2.40E-01	
9.535E-4	4.00E-02	2.40E-01	
9.54E-4	8.00E-02	2.40E-01	
9.545E-4	4.00E-02	8.00E-02	
9.55E-4	2.00E-02	8.00E-02	
9.555E-4	-2.00E-02	8.00E-02	
9.56E-4	2.00E-02	8.00E-02	
9.565E-4	6.00E-02	0.00E+00	
9.57E-4	6.00E-02	8.00E-02	
9.575E-4	2.00E-02	0.00E+00	
9.58E-4	4.00E-02	0.00E+00	
9.585E-4	4.00E-02	0.00E+00	
9.59E-4	2.00E-02	-8.00E-02	
9.595E-4	4.00E-02	0.00E+00	
9.6E-4	4.00E-02	0.00E+00	
9.605E-4	2.00E-02	0.00E+00	
9.61E-4	0.00E+00	0.00E+00	
9.615E-4	2.00E-02	0.00E+00	
9.62E-4	0.00E+00	0.00E+00	
9.625E-4	2.00E-02	-8.00E-02	
9.63E-4	4.00E-02	-8.00E-02	
9.635E-4	2.00E-02	-8.00E-02	
9.64E-4	2.00E-02	0.00E+00	
9.645E-4	2.00E-02	-8.00E-02	
9.65E-4	2.00E-02	-3.20E-01	
9.655E-4	2.00E-02	8.00E-02	
9.66E-4	0.00E+00	-1.60E-01	
9.665E-4	0.00E+00	-8.00E-02	
9.67E-4	2.00E-02	-2.40E-01	
9.675E-4	0.00E+00	-2.40E-01	
9.68E-4	2.00E-02	-1.60E-01	
9.685E-4	2.00E-02	-2.40E-01	
9.69E-4	0.00E+00	-1.60E-01	
9.695E-4	0.00E+00	-2.40E-01	
9.7E-4	0.00E+00	-2.40E-01	
9.705E-4	2.00E-02	-2.40E-01	
9.71E-4	2.00E-02	-2.40E-01	
9.715E-4	-2.00E-02	-3.20E-01	
9.72E-4	0.00E+00	-2.40E-01	
9.725E-4	0.00E+00	-3.20E-01	
9.73E-4	2.00E-02	-3.20E-01	
9.735E-4	0.00E+00	-2.40E-01	
9.74E-4	2.00E-02	-2.40E-01	
9.745E-4	0.00E+00	-2.40E-01	
9.75E-4	-2.00E-02	-2.40E-01	
9.755E-4	-2.00E-02	-1.60E-01	
9.76E-4	2.00E-02	-1.60E-01	
9.765E-4	2.00E-02	0.00E+00	
9.77E-4	0.00E+00	8.00E-02	
9.775E-4	2.00E-02	8.00E-02	
9.78E-4	-2.00E-02	2.40E-01	
9.785E-4	-2.00E-02	3.20E-01	
9.79E-4	0.00E+00	6.40E-01	
9.795E-4	2.00E-02	8.00E-01	
9.8E-4	0.00E+00	1.20E+00	
9.805E-4	-2.00E-02	1.44E+00	
9.81E-4	2.00E-02	1.84E+00	
9.815E-4	-2.00E-02	2.24E+00	
9.82E-4	0.00E+00	2.64E+00	
9.825E-4	-2.00E-02	3.12E+00	
9.83E-4	-2.00E-02	3.60E+00	
9.835E-4	-2.00E-02	4.16E+00	
9.84E-4	-2.00E-02	4.80E+00	
9.845E-4	0.00E+00	5.28E+00	
9.85E-4	-2.00E-02	5.76E+00	
9.855E-4	-2.00E-02	6.08E+00	
9.86E-4	0.00E+00	6.48E+00	
9.865E-4	0.00E+00	6.96E+00	
9.87E-4	-2.00E-02	7.12E+00	
9.875E-4	0.00E+00	7.44E+00	
9.88E-4	0.00E+00	7.68E+00	
9.885E-4	-4.00E-02	7.92E+00	
9.89E-4	0.00E+00	8.00E+00	
9.895E-4	0.00E+00	8.16E+00	
9.9E-4	0.00E+00	8.00E+00	
9.905E-4	-4.00E-02	8.48E+00	
9.91E-4	-2.00E-02	8.24E+00	
9.915E-4	-2.00E-02	8.24E+00	
9.92E-4	-4.00E-02	8.24E+00	
9.925E-4	-4.00E-02	8.08E+00	
9.93E-4	-4.00E-02	7.92E+00	
9.935E-4	-4.00E-02	7.84E+00	
9.94E-4	-4.00E-02	7.76E+00	
9.945E-4	0.00E+00	7.52E+00	
9.95E-4	-2.00E-02	7.20E+00	
9.955E-4	-2.00E-02	6.80E+00	
9.96E-4	-2.00E-02	6.48E+00	
9.965E-4	-4.00E-02	6.00E+00	
9.97E-4	-4.00E-02	5.52E+00	
9.975E-4	-4.00E-02	5.28E+00	
9.98E-4	-2.00E-02	4.80E+00	
9.985E-4	-2.00E-02	4.32E+00	
9.99E-4	-4.00E-02	4.16E+00	
9.995E-4	-4.00E-02	3.84E+00	
1.E-3	-2.00E-02	3.68E+00	
1.0005E-3	-2.00E-02	3.44E+00	
1.001E-3	0.00E+00	3.36E+00	
1.0015E-3	-4.00E-02	3.36E+00	
1.002E-3	-2.00E-02	3.28E+00	
1.0025E-3	-2.00E-02	3.28E+00	
1.003E-3	-8.00E-02	3.28E+00	
1.0035E-3	-6.00E-02	3.28E+00	
1.004E-3	2.00E-02	3.20E+00	
1.0045E-3	2.00E-02	3.20E+00	
1.005E-3	-4.00E-02	3.04E+00	
1.0055E-3	-4.00E-02	2.88E+00	
1.006E-3	-4.00E-02	2.72E+00	
1.0065E-3	0.00E+00	2.40E+00	
1.007E-3	0.00E+00	2.16E+00	
1.0075E-3	-2.00E-02	1.92E+00	
1.008E-3	-4.00E-02	1.76E+00	
1.0085E-3	-6.00E-02	1.52E+00	
1.009E-3	-4.00E-02	1.28E+00	
1.0095E-3	-4.00E-02	1.20E+00	
1.01E-3	-4.00E-02	8.80E-01	
1.0105E-3	-2.00E-02	8.00E-01	
1.011E-3	-4.00E-02	8.80E-01	
1.0115E-3	-4.00E-02	8.80E-01	
1.012E-3	-4.00E-02	8.80E-01	
1.0125E-3	-4.00E-02	9.60E-01	
1.013E-3	-4.00E-02	1.20E+00	
1.0135E-3	-4.00E-02	1.28E+00	
1.014E-3	-4.00E-02	1.60E+00	
1.0145E-3	-6.00E-02	1.76E+00	
1.015E-3	-4.00E-02	1.68E+00	
1.0155E-3	-4.00E-02	2.24E+00	
1.016E-3	-4.00E-02	2.16E+00	
1.0165E-3	-4.00E-02	2.24E+00	
1.017E-3	-4.00E-02	2.32E+00	
1.0175E-3	-6.00E-02	2.08E+00	
1.018E-3	-4.00E-02	2.16E+00	
1.0185E-3	-2.00E-02	1.92E+00	
1.019E-3	-6.00E-02	1.76E+00	
1.0195E-3	-8.00E-02	1.44E+00	
1.02E-3	-4.00E-02	1.20E+00	
1.0205E-3	-4.00E-02	8.00E-01	
1.021E-3	-6.00E-02	4.80E-01	
1.0215E-3	-4.00E-02	1.60E-01	
1.022E-3	-4.00E-02	-1.60E-01	
1.0225E-3	-6.00E-02	-3.20E-01	
