Time in s	CH I in Volt	CH II in Volt	
0.E+0	2.12E+00	1.80E-02	
1.E-7	2.12E+00	1.80E-02	
2.E-7	2.12E+00	1.80E-02	
3.E-7	2.12E+00	1.80E-02	
4.E-7	2.12E+00	1.60E-02	
5.E-7	2.12E+00	1.60E-02	
6.E-7	2.12E+00	1.60E-02	
7.E-7	2.12E+00	1.80E-02	
8.E-7	2.12E+00	1.80E-02	
9.E-7	2.12E+00	2.00E-02	
1.E-6	2.12E+00	2.00E-02	
1.1E-6	2.12E+00	2.00E-02	
1.2E-6	2.12E+00	2.20E-02	
1.3E-6	2.12E+00	2.20E-02	
1.4E-6	2.12E+00	2.20E-02	
1.5E-6	2.12E+00	2.00E-02	
1.6E-6	2.08E+00	2.00E-02	
1.7E-6	2.12E+00	1.80E-02	
1.8E-6	2.12E+00	1.60E-02	
1.9E-6	2.12E+00	1.60E-02	
2.E-6	2.12E+00	1.60E-02	
2.1E-6	2.12E+00	1.40E-02	
2.2E-6	2.12E+00	1.40E-02	
2.3E-6	2.12E+00	1.40E-02	
2.4E-6	2.12E+00	1.40E-02	
2.5E-6	2.12E+00	1.40E-02	
2.6E-6	2.12E+00	1.60E-02	
2.7E-6	2.12E+00	1.80E-02	
2.8E-6	2.12E+00	2.00E-02	
2.9E-6	2.12E+00	2.00E-02	
3.E-6	2.12E+00	2.00E-02	
3.1E-6	2.12E+00	2.00E-02	
3.2E-6	2.12E+00	2.00E-02	
3.3E-6	2.08E+00	2.00E-02	
3.4E-6	2.12E+00	1.80E-02	
3.5E-6	2.12E+00	1.80E-02	
3.6E-6	2.12E+00	1.60E-02	
3.7E-6	2.12E+00	1.40E-02	
3.8E-6	2.12E+00	1.40E-02	
3.9E-6	2.12E+00	1.40E-02	
4.E-6	2.12E+00	1.40E-02	
4.1E-6	2.12E+00	1.60E-02	
4.2E-6	2.12E+00	1.60E-02	
4.3E-6	2.12E+00	1.60E-02	
4.4E-6	2.12E+00	1.60E-02	
4.5E-6	2.12E+00	1.80E-02	
4.6E-6	2.12E+00	1.80E-02	
4.7E-6	2.12E+00	2.00E-02	
4.8E-6	2.12E+00	1.80E-02	
4.9E-6	2.12E+00	1.80E-02	
5.E-6	2.12E+00	1.60E-02	
5.1E-6	2.12E+00	1.60E-02	
5.2E-6	2.12E+00	1.40E-02	
5.3E-6	2.12E+00	1.40E-02	
5.4E-6	2.12E+00	1.40E-02	
5.5E-6	2.12E+00	1.40E-02	
5.6E-6	2.12E+00	1.40E-02	
5.7E-6	2.12E+00	1.40E-02	
5.8E-6	2.12E+00	1.60E-02	
5.9E-6	2.12E+00	1.80E-02	
6.E-6	2.12E+00	1.80E-02	
6.1E-6	2.12E+00	1.80E-02	
6.2E-6	2.12E+00	1.80E-02	
6.3E-6	2.12E+00	1.80E-02	
6.4E-6	2.12E+00	1.80E-02	
6.5E-6	2.12E+00	1.80E-02	
6.6E-6	2.12E+00	2.00E-02	
6.7E-6	2.12E+00	2.00E-02	
6.8E-6	2.12E+00	2.00E-02	
6.9E-6	2.12E+00	1.80E-02	
7.E-6	2.12E+00	1.80E-02	
7.1E-6	2.12E+00	1.80E-02	
7.2E-6	2.12E+00	1.80E-02	
7.3E-6	2.12E+00	1.80E-02	
7.4E-6	2.12E+00	2.00E-02	
7.5E-6	2.08E+00	2.00E-02	
7.6E-6	2.12E+00	1.80E-02	
7.7E-6	2.12E+00	1.80E-02	
7.8E-6	2.12E+00	1.80E-02	
7.9E-6	2.12E+00	2.00E-02	
8.E-6	2.12E+00	2.00E-02	
8.1E-6	2.12E+00	2.00E-02	
8.2E-6	2.12E+00	2.00E-02	
8.3E-6	2.12E+00	1.80E-02	
8.4E-6	2.12E+00	1.80E-02	
8.5E-6	2.12E+00	1.60E-02	
8.6E-6	2.12E+00	1.60E-02	
8.7E-6	2.12E+00	1.60E-02	
8.8E-6	2.12E+00	1.80E-02	
8.9E-6	2.12E+00	1.80E-02	
9.E-6	2.12E+00	2.00E-02	
9.1E-6	2.12E+00	2.20E-02	
9.2E-6	2.12E+00	2.20E-02	
9.3E-6	2.12E+00	2.20E-02	
9.4E-6	2.08E+00	2.20E-02	
9.5E-6	2.12E+00	2.20E-02	
9.6E-6	2.12E+00	2.20E-02	
9.7E-6	2.12E+00	2.00E-02	
9.8E-6	2.12E+00	2.00E-02	
9.9E-6	2.12E+00	1.80E-02	
1.E-5	2.12E+00	1.60E-02	
1.01E-5	2.12E+00	1.40E-02	
1.02E-5	2.12E+00	1.20E-02	
1.03E-5	2.12E+00	1.00E-02	
1.04E-5	2.12E+00	1.00E-02	
1.05E-5	2.12E+00	8.00E-03	
1.06E-5	2.12E+00	1.00E-02	
1.07E-5	2.12E+00	1.00E-02	
1.08E-5	2.12E+00	1.00E-02	
1.09E-5	2.12E+00	1.20E-02	
1.1E-5	2.12E+00	1.20E-02	
1.11E-5	2.12E+00	1.40E-02	
1.12E-5	2.12E+00	1.40E-02	
1.13E-5	2.12E+00	1.60E-02	
1.14E-5	2.12E+00	2.00E-02	
1.15E-5	2.12E+00	2.20E-02	
1.16E-5	2.12E+00	2.40E-02	
1.17E-5	2.12E+00	2.40E-02	
1.18E-5	2.08E+00	2.40E-02	
1.19E-5	2.12E+00	2.40E-02	
1.2E-5	2.12E+00	2.40E-02	
1.21E-5	2.12E+00	2.40E-02	
1.22E-5	2.12E+00	2.40E-02	
1.23E-5	2.12E+00	2.20E-02	
1.24E-5	2.12E+00	2.00E-02	
1.25E-5	2.12E+00	1.80E-02	
1.26E-5	2.12E+00	1.80E-02	
1.27E-5	2.12E+00	1.60E-02	
1.28E-5	2.12E+00	1.80E-02	
1.29E-5	2.12E+00	1.80E-02	
1.3E-5	2.08E+00	2.00E-02	
1.31E-5	2.12E+00	2.00E-02	
1.32E-5	2.12E+00	2.20E-02	
1.33E-5	2.12E+00	2.20E-02	
1.34E-5	2.12E+00	2.40E-02	
1.35E-5	2.12E+00	2.40E-02	
1.36E-5	2.12E+00	2.20E-02	
1.37E-5	2.12E+00	2.00E-02	
1.38E-5	2.12E+00	1.80E-02	
1.39E-5	2.12E+00	1.40E-02	
1.4E-5	2.12E+00	1.20E-02	
1.41E-5	2.08E+00	1.20E-02	
1.42E-5	2.12E+00	1.20E-02	
1.43E-5	2.12E+00	1.40E-02	
1.44E-5	2.12E+00	1.40E-02	
1.45E-5	2.12E+00	1.60E-02	
1.46E-5	2.12E+00	1.60E-02	
1.47E-5	2.12E+00	1.60E-02	
1.48E-5	2.12E+00	1.60E-02	
1.49E-5	2.12E+00	1.60E-02	
1.5E-5	2.12E+00	1.60E-02	
1.51E-5	2.12E+00	1.60E-02	
1.52E-5	2.12E+00	1.80E-02	
1.53E-5	2.12E+00	2.00E-02	
1.54E-5	2.12E+00	2.00E-02	
1.55E-5	2.12E+00	1.80E-02	
1.56E-5	2.12E+00	1.80E-02	
1.57E-5	2.12E+00	1.60E-02	
1.58E-5	2.12E+00	1.40E-02	
1.59E-5	2.12E+00	1.40E-02	
1.6E-5	2.12E+00	1.40E-02	
1.61E-5	2.12E+00	1.40E-02	
1.62E-5	2.12E+00	1.40E-02	
1.63E-5	2.12E+00	1.80E-02	
1.64E-5	2.12E+00	2.00E-02	
1.65E-5	2.12E+00	2.40E-02	
1.66E-5	2.12E+00	2.40E-02	
1.67E-5	2.12E+00	2.60E-02	
1.68E-5	2.12E+00	2.60E-02	
1.69E-5	2.12E+00	2.60E-02	
1.7E-5	2.12E+00	2.60E-02	
1.71E-5	2.12E+00	2.60E-02	
1.72E-5	2.12E+00	2.40E-02	
1.73E-5	2.12E+00	2.20E-02	
1.74E-5	2.12E+00	2.00E-02	
1.75E-5	2.12E+00	1.80E-02	
1.76E-5	2.12E+00	1.60E-02	
1.77E-5	2.12E+00	1.60E-02	
1.78E-5	2.12E+00	1.60E-02	
1.79E-5	2.12E+00	1.60E-02	
1.8E-5	2.12E+00	1.60E-02	
1.81E-5	2.12E+00	1.60E-02	
1.82E-5	2.12E+00	1.80E-02	
1.83E-5	2.12E+00	2.00E-02	
1.84E-5	2.12E+00	2.00E-02	
1.85E-5	2.08E+00	2.20E-02	
1.86E-5	2.12E+00	2.40E-02	
1.87E-5	2.12E+00	2.20E-02	
1.88E-5	2.12E+00	2.20E-02	
1.89E-5	2.12E+00	2.00E-02	
1.9E-5	2.12E+00	1.60E-02	
1.91E-5	2.12E+00	1.40E-02	
1.92E-5	2.12E+00	1.20E-02	
1.93E-5	2.12E+00	1.00E-02	
1.94E-5	2.12E+00	1.00E-02	
1.95E-5	2.12E+00	1.00E-02	
1.96E-5	2.12E+00	1.00E-02	
1.97E-5	2.12E+00	1.20E-02	
1.98E-5	2.12E+00	1.40E-02	
1.99E-5	2.12E+00	1.60E-02	
2.E-5	2.12E+00	1.80E-02	
2.01E-5	2.12E+00	2.20E-02	
2.02E-5	2.12E+00	2.20E-02	
2.03E-5	2.08E+00	2.40E-02	
2.04E-5	2.12E+00	2.40E-02	
2.05E-5	2.12E+00	2.20E-02	
2.06E-5	2.12E+00	2.00E-02	
2.07E-5	2.12E+00	1.80E-02	
2.08E-5	2.12E+00	1.80E-02	
2.09E-5	2.12E+00	1.80E-02	
2.1E-5	2.12E+00	1.80E-02	
2.11E-5	2.12E+00	2.00E-02	
2.12E-5	2.12E+00	2.00E-02	
2.13E-5	2.12E+00	2.00E-02	
2.14E-5	2.12E+00	2.00E-02	
2.15E-5	2.12E+00	2.00E-02	
2.16E-5	2.12E+00	2.00E-02	
2.17E-5	2.12E+00	2.00E-02	
2.18E-5	2.12E+00	1.80E-02	
2.19E-5	2.12E+00	1.80E-02	
2.2E-5	2.12E+00	1.60E-02	
2.21E-5	2.12E+00	1.60E-02	
2.22E-5	2.12E+00	1.60E-02	
2.23E-5	2.12E+00	1.40E-02	
2.24E-5	2.12E+00	1.40E-02	
2.25E-5	2.12E+00	1.40E-02	
2.26E-5	2.12E+00	1.40E-02	
2.27E-5	2.12E+00	1.40E-02	
2.28E-5	2.12E+00	1.60E-02	
2.29E-5	2.12E+00	1.60E-02	
2.3E-5	2.12E+00	1.60E-02	
2.31E-5	2.12E+00	1.60E-02	
2.32E-5	2.12E+00	1.80E-02	
2.33E-5	2.12E+00	1.80E-02	
2.34E-5	2.12E+00	1.80E-02	
2.35E-5	2.12E+00	1.80E-02	
2.36E-5	2.12E+00	1.80E-02	
2.37E-5	2.12E+00	2.00E-02	
2.38E-5	2.12E+00	2.00E-02	
2.39E-5	2.12E+00	2.20E-02	
2.4E-5	2.12E+00	2.20E-02	
2.41E-5	2.12E+00	2.00E-02	
2.42E-5	2.12E+00	2.00E-02	
2.43E-5	2.12E+00	2.00E-02	
2.44E-5	2.12E+00	2.00E-02	
2.45E-5	2.12E+00	2.00E-02	
2.46E-5	2.12E+00	2.00E-02	
2.47E-5	2.12E+00	2.20E-02	
2.48E-5	2.12E+00	2.20E-02	
2.49E-5	2.12E+00	2.20E-02	
2.5E-5	2.12E+00	2.20E-02	
2.51E-5	2.12E+00	2.20E-02	
2.52E-5	2.12E+00	2.20E-02	
2.53E-5	2.12E+00	2.20E-02	
2.54E-5	2.12E+00	2.00E-02	
2.55E-5	2.12E+00	1.80E-02	
2.56E-5	2.12E+00	1.80E-02	
2.57E-5	2.12E+00	1.60E-02	
2.58E-5	2.12E+00	1.60E-02	
2.59E-5	2.12E+00	1.60E-02	
2.6E-5	2.12E+00	1.60E-02	
2.61E-5	2.12E+00	1.80E-02	
2.62E-5	2.12E+00	1.80E-02	
2.63E-5	2.12E+00	1.80E-02	
2.64E-5	2.12E+00	2.00E-02	
2.65E-5	2.12E+00	1.80E-02	
2.66E-5	2.12E+00	1.80E-02	
2.67E-5	2.12E+00	1.60E-02	
2.68E-5	2.12E+00	1.60E-02	
2.69E-5	2.12E+00	1.60E-02	
2.7E-5	2.12E+00	1.60E-02	
2.71E-5	2.12E+00	1.60E-02	
2.72E-5	2.12E+00	1.60E-02	
2.73E-5	2.12E+00	1.80E-02	
2.74E-5	2.12E+00	1.80E-02	
2.75E-5	2.12E+00	1.80E-02	
2.76E-5	2.12E+00	2.00E-02	
2.77E-5	2.12E+00	2.00E-02	
2.78E-5	2.12E+00	2.00E-02	
2.79E-5	2.12E+00	1.80E-02	
2.8E-5	2.12E+00	1.80E-02	
2.81E-5	2.12E+00	1.60E-02	
2.82E-5	2.12E+00	1.60E-02	
2.83E-5	2.12E+00	1.60E-02	
2.84E-5	2.12E+00	1.60E-02	
2.85E-5	2.12E+00	1.60E-02	
2.86E-5	2.12E+00	1.80E-02	
2.87E-5	2.12E+00	1.80E-02	
2.88E-5	2.12E+00	1.80E-02	
2.89E-5	2.12E+00	1.80E-02	
2.9E-5	2.12E+00	2.00E-02	
2.91E-5	2.12E+00	2.00E-02	
2.92E-5	2.12E+00	2.00E-02	
2.93E-5	2.12E+00	2.00E-02	
2.94E-5	2.12E+00	2.00E-02	
2.95E-5	2.12E+00	2.00E-02	
2.96E-5	2.12E+00	2.00E-02	
2.97E-5	2.12E+00	2.00E-02	
2.98E-5	2.12E+00	1.80E-02	
2.99E-5	2.12E+00	1.80E-02	
3.E-5	2.12E+00	1.60E-02	
3.01E-5	2.12E+00	1.60E-02	
3.02E-5	2.12E+00	1.80E-02	
3.03E-5	2.12E+00	1.80E-02	
3.04E-5	2.12E+00	1.80E-02	
3.05E-5	2.12E+00	1.80E-02	
3.06E-5	2.12E+00	1.80E-02	
3.07E-5	2.12E+00	1.80E-02	
3.08E-5	2.12E+00	1.80E-02	
3.09E-5	2.12E+00	1.80E-02	
3.1E-5	2.12E+00	1.80E-02	
3.11E-5	2.12E+00	1.80E-02	
3.12E-5	2.12E+00	1.80E-02	
3.13E-5	2.12E+00	1.80E-02	
3.14E-5	2.12E+00	1.80E-02	
3.15E-5	2.12E+00	1.60E-02	
3.16E-5	2.12E+00	1.60E-02	
3.17E-5	2.08E+00	1.60E-02	
3.18E-5	2.12E+00	1.60E-02	
3.19E-5	2.12E+00	1.60E-02	
3.2E-5	2.12E+00	1.60E-02	
3.21E-5	2.08E+00	1.80E-02	
3.22E-5	2.12E+00	1.80E-02	
3.23E-5	2.12E+00	2.00E-02	
3.24E-5	2.12E+00	2.00E-02	
3.25E-5	2.12E+00	2.00E-02	
3.26E-5	2.12E+00	2.20E-02	
3.27E-5	2.12E+00	2.20E-02	
3.28E-5	2.12E+00	2.20E-02	
3.29E-5	2.12E+00	2.20E-02	
3.3E-5	2.12E+00	2.00E-02	
3.31E-5	2.12E+00	2.00E-02	
3.32E-5	2.12E+00	1.80E-02	
3.33E-5	2.12E+00	1.60E-02	
3.34E-5	2.12E+00	1.60E-02	
3.35E-5	2.12E+00	1.60E-02	
3.36E-5	2.12E+00	1.40E-02	
3.37E-5	2.12E+00	1.40E-02	
3.38E-5	2.12E+00	1.20E-02	
3.39E-5	2.12E+00	1.20E-02	
3.4E-5	2.12E+00	1.20E-02	
3.41E-5	2.12E+00	1.20E-02	
3.42E-5	2.12E+00	1.20E-02	
3.43E-5	2.12E+00	1.40E-02	
3.44E-5	2.12E+00	1.40E-02	
3.45E-5	2.12E+00	1.40E-02	
3.46E-5	2.12E+00	1.40E-02	
3.47E-5	2.12E+00	1.60E-02	
3.48E-5	2.12E+00	1.80E-02	
3.49E-5	2.12E+00	1.80E-02	
3.5E-5	2.12E+00	2.00E-02	
3.51E-5	2.12E+00	2.00E-02	
3.52E-5	2.12E+00	2.00E-02	
3.53E-5	2.12E+00	2.20E-02	
3.54E-5	2.12E+00	2.20E-02	
3.55E-5	2.12E+00	2.40E-02	
3.56E-5	2.12E+00	2.60E-02	
3.57E-5	2.12E+00	2.60E-02	
3.58E-5	2.12E+00	2.60E-02	
3.59E-5	2.12E+00	2.60E-02	
3.6E-5	2.12E+00	2.40E-02	
3.61E-5	2.12E+00	2.40E-02	
3.62E-5	2.12E+00	2.00E-02	
3.63E-5	2.12E+00	1.80E-02	
3.64E-5	2.12E+00	1.60E-02	
3.65E-5	2.12E+00	1.60E-02	
3.66E-5	2.12E+00	1.60E-02	
3.67E-5	2.12E+00	1.60E-02	
3.68E-5	2.12E+00	1.60E-02	
3.69E-5	2.12E+00	1.80E-02	
3.7E-5	2.12E+00	1.60E-02	
3.71E-5	2.12E+00	1.60E-02	
3.72E-5	2.12E+00	1.40E-02	
3.73E-5	2.12E+00	1.40E-02	
3.74E-5	2.12E+00	1.40E-02	
3.75E-5	2.12E+00	1.60E-02	
3.76E-5	2.12E+00	1.60E-02	
3.77E-5	2.12E+00	1.80E-02	
3.78E-5	2.12E+00	1.80E-02	
3.79E-5	2.12E+00	2.00E-02	
3.8E-5	2.12E+00	2.00E-02	
3.81E-5	2.12E+00	2.00E-02	
3.82E-5	2.12E+00	2.00E-02	
3.83E-5	2.12E+00	1.80E-02	
3.84E-5	2.12E+00	1.60E-02	
3.85E-5	2.12E+00	1.60E-02	
3.86E-5	2.12E+00	1.40E-02	
3.87E-5	2.12E+00	1.40E-02	
3.88E-5	2.12E+00	1.40E-02	
3.89E-5	2.12E+00	1.60E-02	
3.9E-5	2.12E+00	1.60E-02	
3.91E-5	2.08E+00	1.60E-02	
3.92E-5	2.12E+00	1.60E-02	
3.93E-5	2.12E+00	1.80E-02	
3.94E-5	2.12E+00	1.80E-02	
3.95E-5	2.12E+00	1.80E-02	
3.96E-5	2.12E+00	1.80E-02	
3.97E-5	2.12E+00	1.80E-02	
3.98E-5	2.12E+00	2.00E-02	
3.99E-5	2.12E+00	2.00E-02	
4.E-5	2.12E+00	2.20E-02	
4.01E-5	2.12E+00	2.20E-02	
4.02E-5	2.12E+00	2.20E-02	
4.03E-5	2.12E+00	2.20E-02	
4.04E-5	2.12E+00	2.20E-02	
4.05E-5	2.12E+00	2.20E-02	
4.06E-5	2.12E+00	2.20E-02	
4.07E-5	2.12E+00	2.00E-02	
4.08E-5	2.12E+00	2.00E-02	
4.09E-5	2.12E+00	2.20E-02	
4.1E-5	2.12E+00	2.20E-02	
4.11E-5	2.12E+00	2.00E-02	
4.12E-5	2.12E+00	2.00E-02	
4.13E-5	2.12E+00	1.80E-02	
4.14E-5	2.12E+00	1.60E-02	
4.15E-5	2.12E+00	1.40E-02	
4.16E-5	2.12E+00	1.20E-02	
4.17E-5	2.12E+00	1.20E-02	
4.18E-5	2.12E+00	1.20E-02	
4.19E-5	2.12E+00	1.20E-02	
4.2E-5	2.12E+00	1.20E-02	
4.21E-5	2.12E+00	1.20E-02	
4.22E-5	2.12E+00	1.40E-02	
4.23E-5	2.12E+00	1.40E-02	
4.24E-5	2.12E+00	1.60E-02	
4.25E-5	2.12E+00	1.60E-02	
4.26E-5	2.12E+00	1.80E-02	
4.27E-5	2.08E+00	2.00E-02	
4.28E-5	2.12E+00	2.00E-02	
4.29E-5	2.12E+00	2.00E-02	
4.3E-5	2.12E+00	1.80E-02	
4.31E-5	2.12E+00	1.80E-02	
4.32E-5	2.12E+00	1.60E-02	
4.33E-5	2.12E+00	1.60E-02	
4.34E-5	2.12E+00	1.60E-02	
4.35E-5	2.12E+00	1.80E-02	
4.36E-5	2.12E+00	1.80E-02	
4.37E-5	2.12E+00	1.60E-02	
4.38E-5	2.12E+00	1.80E-02	
4.39E-5	2.12E+00	1.80E-02	
4.4E-5	2.12E+00	1.80E-02	
4.41E-5	2.12E+00	2.00E-02	
4.42E-5	2.12E+00	2.00E-02	
4.43E-5	2.12E+00	2.00E-02	
4.44E-5	2.12E+00	2.00E-02	
4.45E-5	2.12E+00	2.00E-02	
4.46E-5	2.12E+00	2.00E-02	
4.47E-5	2.12E+00	2.00E-02	
4.48E-5	2.12E+00	2.00E-02	
4.49E-5	2.12E+00	1.80E-02	
4.5E-5	2.12E+00	1.80E-02	
4.51E-5	2.12E+00	1.60E-02	
4.52E-5	2.12E+00	1.60E-02	
4.53E-5	2.12E+00	1.60E-02	
4.54E-5	2.12E+00	1.80E-02	
4.55E-5	2.12E+00	1.80E-02	
4.56E-5	2.12E+00	2.00E-02	
4.57E-5	2.12E+00	2.00E-02	
4.58E-5	2.12E+00	2.00E-02	
4.59E-5	2.12E+00	2.20E-02	
4.6E-5	2.08E+00	2.20E-02	
4.61E-5	2.12E+00	2.00E-02	
4.62E-5	2.12E+00	1.80E-02	
4.63E-5	2.08E+00	1.80E-02	
4.64E-5	2.12E+00	1.80E-02	
4.65E-5	2.12E+00	2.00E-02	
4.66E-5	2.12E+00	2.00E-02	
4.67E-5	2.12E+00	1.80E-02	
4.68E-5	2.12E+00	1.60E-02	
4.69E-5	2.12E+00	1.40E-02	
4.7E-5	2.12E+00	1.40E-02	
4.71E-5	2.12E+00	1.40E-02	
4.72E-5	2.12E+00	1.40E-02	
4.73E-5	2.12E+00	1.40E-02	
4.74E-5	2.12E+00	1.40E-02	
4.75E-5	2.12E+00	1.40E-02	
4.76E-5	2.12E+00	1.40E-02	
4.77E-5	2.12E+00	1.60E-02	
4.78E-5	2.12E+00	1.80E-02	
4.79E-5	2.12E+00	2.00E-02	
4.8E-5	2.12E+00	2.00E-02	
4.81E-5	2.08E+00	2.00E-02	
4.82E-5	2.12E+00	2.00E-02	
4.83E-5	2.08E+00	1.80E-02	
4.84E-5	2.12E+00	1.80E-02	
4.85E-5	2.12E+00	1.80E-02	
4.86E-5	2.08E+00	1.60E-02	
4.87E-5	2.12E+00	1.80E-02	
4.88E-5	2.08E+00	1.80E-02	
4.89E-5	2.12E+00	1.80E-02	
4.9E-5	2.08E+00	1.80E-02	
4.91E-5	2.12E+00	2.00E-02	
4.92E-5	2.08E+00	2.00E-02	
4.93E-5	2.12E+00	2.20E-02	
4.94E-5	2.08E+00	2.00E-02	
4.95E-5	2.12E+00	2.00E-02	
4.96E-5	2.12E+00	2.00E-02	
4.97E-5	2.08E+00	1.80E-02	
4.98E-5	2.08E+00	1.80E-02	
4.99E-5	2.08E+00	1.60E-02	
5.E-5	2.08E+00	1.60E-02	
5.01E-5	2.08E+00	1.60E-02	
5.02E-5	1.88E+00	1.60E-02	
5.03E-5	1.28E+00	1.60E-02	
5.04E-5	-3.44E+00	1.60E-02	
5.05E-5	-6.00E+00	1.80E-02	
5.06E-5	-6.00E+00	1.60E-02	
5.07E-5	-6.00E+00	1.60E-02	
5.08E-5	-6.00E+00	1.80E-02	
5.09E-5	-6.00E+00	1.80E-02	
5.1E-5	-6.00E+00	2.00E-02	
5.11E-5	-6.00E+00	2.00E-02	
5.12E-5	-6.00E+00	2.00E-02	
5.13E-5	-6.00E+00	2.20E-02	
5.14E-5	-6.00E+00	2.40E-02	
5.15E-5	-6.00E+00	3.20E-02	
5.16E-5	-6.00E+00	3.80E-02	
5.17E-5	-6.00E+00	3.60E-02	
5.18E-5	-6.00E+00	2.80E-02	
5.19E-5	-6.00E+00	2.00E-02	
5.2E-5	-6.00E+00	1.20E-02	
5.21E-5	-6.00E+00	1.20E-02	
5.22E-5	-6.00E+00	1.60E-02	
5.23E-5	-6.00E+00	1.60E-02	
5.24E-5	-6.00E+00	1.80E-02	
5.25E-5	-5.96E+00	1.60E-02	
5.26E-5	-2.24E+00	1.60E-02	
5.27E-5	3.28E+00	1.60E-02	
5.28E-5	4.20E+00	1.40E-02	
5.29E-5	4.20E+00	1.40E-02	
5.3E-5	4.20E+00	1.20E-02	
5.31E-5	4.20E+00	1.00E-02	
5.32E-5	4.20E+00	1.00E-02	
5.33E-5	4.20E+00	8.00E-03	
5.34E-5	4.20E+00	6.00E-03	
5.35E-5	4.20E+00	6.00E-03	
5.36E-5	4.20E+00	6.00E-03	
5.37E-5	4.20E+00	6.00E-03	
5.38E-5	4.20E+00	6.00E-03	
5.39E-5	4.20E+00	8.00E-03	
5.4E-5	4.20E+00	1.00E-02	
5.41E-5	4.20E+00	1.00E-02	
5.42E-5	4.20E+00	1.20E-02	
5.43E-5	3.76E+00	1.20E-02	
5.44E-5	2.12E+00	1.20E-02	
5.45E-5	7.20E-01	1.00E-02	
5.46E-5	-4.40E-01	1.00E-02	
5.47E-5	-1.52E+00	1.00E-02	
5.48E-5	-2.56E+00	1.00E-02	
5.49E-5	-3.48E+00	8.00E-03	
5.5E-5	-4.16E+00	4.00E-03	
5.51E-5	-4.52E+00	2.00E-03	
5.52E-5	-4.52E+00	-2.00E-03	
5.53E-5	-3.88E+00	-4.00E-03	
5.54E-5	-2.84E+00	-8.00E-03	
5.55E-5	-2.08E+00	-1.00E-02	
5.56E-5	-1.56E+00	-1.20E-02	
5.57E-5	-1.20E+00	-1.40E-02	
5.58E-5	-1.00E+00	-1.60E-02	
5.59E-5	-8.80E-01	-1.60E-02	
5.6E-5	-8.00E-01	-1.60E-02	
5.61E-5	-7.60E-01	-1.80E-02	
5.62E-5	-7.20E-01	-1.80E-02	
5.63E-5	-6.40E-01	-2.00E-02	
5.64E-5	-5.60E-01	-2.00E-02	
5.65E-5	-5.20E-01	-2.20E-02	
5.66E-5	-4.80E-01	-2.20E-02	
5.67E-5	-4.00E-01	-2.40E-02	
5.68E-5	-3.60E-01	-2.60E-02	
5.69E-5	-2.80E-01	-2.80E-02	
5.7E-5	-2.00E-01	-3.00E-02	
5.71E-5	-1.20E-01	-3.20E-02	
5.72E-5	-4.00E-02	-3.40E-02	
5.73E-5	8.00E-02	-3.60E-02	
5.74E-5	1.60E-01	-3.60E-02	
5.75E-5	2.40E-01	-3.80E-02	
5.76E-5	2.80E-01	-3.80E-02	
5.77E-5	3.20E-01	-4.00E-02	
5.78E-5	3.60E-01	-4.00E-02	
5.79E-5	4.00E-01	-4.20E-02	
5.8E-5	4.40E-01	-4.40E-02	
5.81E-5	4.40E-01	-4.60E-02	
5.82E-5	4.40E-01	-5.00E-02	
5.83E-5	4.40E-01	-5.20E-02	
5.84E-5	4.40E-01	-5.40E-02	
5.85E-5	4.40E-01	-5.80E-02	
5.86E-5	4.40E-01	-6.00E-02	
5.87E-5	4.40E-01	-6.20E-02	
5.88E-5	4.40E-01	-6.40E-02	
5.89E-5	4.00E-01	-6.60E-02	
5.9E-5	4.00E-01	-6.80E-02	
5.91E-5	3.60E-01	-6.80E-02	
5.92E-5	3.60E-01	-7.00E-02	
5.93E-5	3.20E-01	-7.20E-02	
5.94E-5	3.20E-01	-7.40E-02	
5.95E-5	2.80E-01	-7.80E-02	
5.96E-5	2.40E-01	-7.80E-02	
5.97E-5	2.40E-01	-8.00E-02	
5.98E-5	2.00E-01	-8.00E-02	
5.99E-5	1.60E-01	-8.00E-02	
6.E-5	1.60E-01	-8.20E-02	
6.01E-5	1.20E-01	-8.40E-02	
6.02E-5	1.20E-01	-8.60E-02	
6.03E-5	1.20E-01	-8.80E-02	
6.04E-5	1.20E-01	-9.00E-02	
6.05E-5	8.00E-02	-9.20E-02	
6.06E-5	8.00E-02	-9.40E-02	
6.07E-5	4.00E-02	-9.60E-02	
6.08E-5	4.00E-02	-9.80E-02	
6.09E-5	4.00E-02	-1.00E-01	
6.1E-5	0.00E+00	-1.04E-01	
6.11E-5	0.00E+00	-1.04E-01	
6.12E-5	0.00E+00	-1.06E-01	
6.13E-5	0.00E+00	-1.06E-01	
6.14E-5	0.00E+00	-1.04E-01	
6.15E-5	0.00E+00	-1.02E-01	
6.16E-5	0.00E+00	-1.00E-01	
6.17E-5	0.00E+00	-9.80E-02	
6.18E-5	0.00E+00	-9.60E-02	
6.19E-5	4.00E-02	-9.80E-02	
6.2E-5	4.00E-02	-9.80E-02	
6.21E-5	4.00E-02	-9.80E-02	
6.22E-5	4.00E-02	-1.00E-01	
6.23E-5	4.00E-02	-1.02E-01	
6.24E-5	4.00E-02	-1.04E-01	
6.25E-5	4.00E-02	-1.08E-01	
6.26E-5	4.00E-02	-1.10E-01	
6.27E-5	4.00E-02	-1.10E-01	
6.28E-5	4.00E-02	-1.10E-01	
6.29E-5	4.00E-02	-1.10E-01	
6.3E-5	4.00E-02	-1.08E-01	
6.31E-5	4.00E-02	-1.06E-01	
6.32E-5	8.00E-02	-1.06E-01	
6.33E-5	8.00E-02	-1.04E-01	
6.34E-5	8.00E-02	-1.04E-01	
6.35E-5	1.20E-01	-1.06E-01	
6.36E-5	1.20E-01	-1.06E-01	
6.37E-5	1.20E-01	-1.08E-01	
6.38E-5	1.20E-01	-1.10E-01	
6.39E-5	1.20E-01	-1.12E-01	
6.4E-5	1.20E-01	-1.12E-01	
6.41E-5	1.20E-01	-1.12E-01	
6.42E-5	1.20E-01	-1.14E-01	
6.43E-5	1.20E-01	-1.14E-01	
6.44E-5	1.20E-01	-1.14E-01	
6.45E-5	1.20E-01	-1.14E-01	
6.46E-5	1.20E-01	-1.14E-01	
6.47E-5	1.20E-01	-1.12E-01	
6.48E-5	1.60E-01	-1.12E-01	
6.49E-5	1.60E-01	-1.10E-01	
6.5E-5	1.60E-01	-1.10E-01	
6.51E-5	1.60E-01	-1.08E-01	
6.52E-5	1.60E-01	-1.08E-01	
6.53E-5	2.00E-01	-1.08E-01	
6.54E-5	2.00E-01	-1.08E-01	
6.55E-5	2.00E-01	-1.08E-01	
6.56E-5	2.00E-01	-1.10E-01	
6.57E-5	2.00E-01	-1.10E-01	
6.58E-5	2.00E-01	-1.10E-01	
6.59E-5	2.00E-01	-1.10E-01	
6.6E-5	2.00E-01	-1.10E-01	
6.61E-5	2.00E-01	-1.10E-01	
6.62E-5	1.60E-01	-1.08E-01	
6.63E-5	1.60E-01	-1.08E-01	
6.64E-5	2.00E-01	-1.06E-01	
6.65E-5	1.60E-01	-1.04E-01	
6.66E-5	1.60E-01	-1.02E-01	
6.67E-5	2.00E-01	-1.00E-01	
6.68E-5	2.00E-01	-1.00E-01	
6.69E-5	2.00E-01	-1.00E-01	
6.7E-5	1.60E-01	-1.02E-01	
6.71E-5	1.60E-01	-1.04E-01	
6.72E-5	1.60E-01	-1.06E-01	
6.73E-5	1.60E-01	-1.06E-01	
6.74E-5	1.60E-01	-1.06E-01	
6.75E-5	1.60E-01	-1.08E-01	
6.76E-5	1.60E-01	-1.08E-01	
6.77E-5	1.60E-01	-1.08E-01	
6.78E-5	1.60E-01	-1.08E-01	
6.79E-5	1.20E-01	-1.08E-01	
6.8E-5	1.60E-01	-1.06E-01	
6.81E-5	1.60E-01	-1.06E-01	
6.82E-5	1.20E-01	-1.04E-01	
6.83E-5	1.20E-01	-1.02E-01	
6.84E-5	1.20E-01	-1.00E-01	
6.85E-5	1.20E-01	-9.80E-02	
6.86E-5	1.20E-01	-9.80E-02	
6.87E-5	1.20E-01	-9.80E-02	
6.88E-5	1.20E-01	-1.00E-01	
6.89E-5	8.00E-02	-1.02E-01	
6.9E-5	1.20E-01	-1.04E-01	
6.91E-5	1.20E-01	-1.08E-01	
6.92E-5	8.00E-02	-1.08E-01	
6.93E-5	1.20E-01	-1.10E-01	
6.94E-5	8.00E-02	-1.10E-01	
6.95E-5	8.00E-02	-1.10E-01	
6.96E-5	8.00E-02	-1.10E-01	
6.97E-5	8.00E-02	-1.08E-01	
6.98E-5	8.00E-02	-1.08E-01	
6.99E-5	8.00E-02	-1.06E-01	
7.E-5	8.00E-02	-1.04E-01	
7.01E-5	8.00E-02	-1.02E-01	
7.02E-5	8.00E-02	-1.02E-01	
7.03E-5	8.00E-02	-1.00E-01	
7.04E-5	8.00E-02	-1.00E-01	
7.05E-5	8.00E-02	-1.02E-01	
7.06E-5	8.00E-02	-1.02E-01	
7.07E-5	8.00E-02	-1.04E-01	
7.08E-5	8.00E-02	-1.06E-01	
7.09E-5	8.00E-02	-1.06E-01	
7.1E-5	8.00E-02	-1.06E-01	
7.11E-5	8.00E-02	-1.06E-01	
7.12E-5	8.00E-02	-1.04E-01	
7.13E-5	8.00E-02	-1.02E-01	
7.14E-5	8.00E-02	-1.02E-01	
7.15E-5	8.00E-02	-1.00E-01	
7.16E-5	8.00E-02	-1.00E-01	
7.17E-5	8.00E-02	-1.02E-01	
7.18E-5	1.20E-01	-1.06E-01	
7.19E-5	1.20E-01	-1.08E-01	
7.2E-5	1.20E-01	-1.10E-01	
7.21E-5	1.20E-01	-1.10E-01	
7.22E-5	1.20E-01	-1.12E-01	
7.23E-5	1.20E-01	-1.10E-01	
7.24E-5	1.20E-01	-1.10E-01	
7.25E-5	1.20E-01	-1.12E-01	
7.26E-5	1.60E-01	-1.12E-01	
7.27E-5	1.60E-01	-1.14E-01	
7.28E-5	1.60E-01	-1.14E-01	
7.29E-5	1.60E-01	-1.12E-01	
7.3E-5	1.60E-01	-1.12E-01	
7.31E-5	1.60E-01	-1.10E-01	
7.32E-5	1.60E-01	-1.06E-01	
7.33E-5	1.60E-01	-1.04E-01	
7.34E-5	1.60E-01	-1.02E-01	
7.35E-5	1.60E-01	-1.02E-01	
7.36E-5	1.60E-01	-1.02E-01	
7.37E-5	1.60E-01	-1.04E-01	
7.38E-5	1.60E-01	-1.04E-01	
7.39E-5	1.60E-01	-1.04E-01	
7.4E-5	1.60E-01	-1.02E-01	
7.41E-5	1.60E-01	-1.02E-01	
7.42E-5	1.60E-01	-1.02E-01	
7.43E-5	1.60E-01	-1.02E-01	
7.44E-5	1.60E-01	-1.02E-01	
7.45E-5	1.60E-01	-1.00E-01	
7.46E-5	1.60E-01	-1.00E-01	
7.47E-5	1.60E-01	-1.00E-01	
7.48E-5	1.60E-01	-9.80E-02	
7.49E-5	1.60E-01	-9.80E-02	
7.5E-5	1.60E-01	-9.80E-02	
7.51E-5	1.60E-01	-9.80E-02	
7.52E-5	1.60E-01	-9.60E-02	
7.53E-5	1.60E-01	-9.60E-02	
7.54E-5	1.60E-01	-9.40E-02	
7.55E-5	1.60E-01	-9.40E-02	
7.56E-5	1.60E-01	-9.40E-02	
7.57E-5	1.60E-01	-9.40E-02	
7.58E-5	2.00E-01	-9.20E-02	
7.59E-5	1.60E-01	-9.20E-02	
7.6E-5	1.60E-01	-9.00E-02	
7.61E-5	1.60E-01	-8.80E-02	
7.62E-5	1.60E-01	-8.60E-02	
7.63E-5	1.60E-01	-8.40E-02	
7.64E-5	1.60E-01	-8.20E-02	
7.65E-5	1.60E-01	-8.00E-02	
7.66E-5	1.60E-01	-8.00E-02	
7.67E-5	1.60E-01	-8.00E-02	
7.68E-5	1.60E-01	-8.00E-02	
7.69E-5	1.20E-01	-8.00E-02	
7.7E-5	1.20E-01	-7.80E-02	
7.71E-5	1.20E-01	-7.80E-02	
7.72E-5	1.20E-01	-7.80E-02	
7.73E-5	1.20E-01	-7.60E-02	
7.74E-5	1.20E-01	-7.60E-02	
7.75E-5	1.20E-01	-7.60E-02	
7.76E-5	1.20E-01	-7.40E-02	
7.77E-5	1.20E-01	-7.20E-02	
7.78E-5	1.20E-01	-7.00E-02	
7.79E-5	1.20E-01	-6.80E-02	
7.8E-5	1.20E-01	-6.60E-02	
7.81E-5	8.00E-02	-6.40E-02	
7.82E-5	8.00E-02	-6.40E-02	
7.83E-5	8.00E-02	-6.40E-02	
7.84E-5	8.00E-02	-6.20E-02	
7.85E-5	8.00E-02	-6.20E-02	
7.86E-5	8.00E-02	-6.20E-02	
7.87E-5	8.00E-02	-6.20E-02	
7.88E-5	8.00E-02	-6.20E-02	
7.89E-5	8.00E-02	-6.00E-02	
7.9E-5	8.00E-02	-5.60E-02	
7.91E-5	8.00E-02	-5.40E-02	
7.92E-5	8.00E-02	-5.20E-02	
7.93E-5	8.00E-02	-5.00E-02	
7.94E-5	8.00E-02	-5.00E-02	
7.95E-5	8.00E-02	-5.00E-02	
7.96E-5	8.00E-02	-4.80E-02	
7.97E-5	8.00E-02	-4.80E-02	
7.98E-5	8.00E-02	-4.60E-02	
7.99E-5	1.20E-01	-4.60E-02	
8.E-5	1.20E-01	-4.40E-02	
8.01E-5	1.20E-01	-4.40E-02	
8.02E-5	1.20E-01	-4.40E-02	
8.03E-5	1.20E-01	-4.40E-02	
8.04E-5	1.20E-01	-4.40E-02	
8.05E-5	1.20E-01	-4.60E-02	
8.06E-5	1.20E-01	-4.60E-02	
8.07E-5	1.20E-01	-4.40E-02	
8.08E-5	1.20E-01	-4.20E-02	
8.09E-5	1.20E-01	-4.00E-02	
8.1E-5	1.20E-01	-4.00E-02	
8.11E-5	1.20E-01	-4.00E-02	
8.12E-5	1.20E-01	-4.00E-02	
8.13E-5	1.20E-01	-3.80E-02	
8.14E-5	1.60E-01	-3.80E-02	
8.15E-5	1.60E-01	-3.80E-02	
8.16E-5	1.20E-01	-3.80E-02	
8.17E-5	1.60E-01	-3.80E-02	
8.18E-5	1.60E-01	-3.80E-02	
8.19E-5	1.60E-01	-3.60E-02	
8.2E-5	1.60E-01	-3.60E-02	
8.21E-5	1.60E-01	-3.60E-02	
8.22E-5	1.60E-01	-3.60E-02	
8.23E-5	1.60E-01	-3.60E-02	
8.24E-5	2.00E-01	-3.40E-02	
8.25E-5	2.00E-01	-3.40E-02	
8.26E-5	2.00E-01	-3.40E-02	
8.27E-5	1.60E-01	-3.40E-02	
8.28E-5	1.60E-01	-3.40E-02	
8.29E-5	1.60E-01	-3.40E-02	
8.3E-5	1.60E-01	-3.20E-02	
8.31E-5	1.60E-01	-3.20E-02	
8.32E-5	1.60E-01	-3.20E-02	
8.33E-5	1.60E-01	-3.20E-02	
8.34E-5	1.60E-01	-3.40E-02	
8.35E-5	1.60E-01	-3.40E-02	
8.36E-5	1.60E-01	-3.60E-02	
8.37E-5	1.60E-01	-3.80E-02	
8.38E-5	1.60E-01	-3.80E-02	
8.39E-5	2.00E-01	-4.00E-02	
8.4E-5	2.00E-01	-4.00E-02	
8.41E-5	1.60E-01	-3.80E-02	
8.42E-5	1.60E-01	-3.60E-02	
8.43E-5	1.60E-01	-3.60E-02	
8.44E-5	1.60E-01	-3.40E-02	
8.45E-5	1.60E-01	-3.60E-02	
8.46E-5	1.60E-01	-3.60E-02	
8.47E-5	1.60E-01	-3.60E-02	
8.48E-5	1.60E-01	-3.80E-02	
8.49E-5	1.60E-01	-3.80E-02	
8.5E-5	1.60E-01	-3.60E-02	
8.51E-5	1.60E-01	-3.60E-02	
8.52E-5	1.60E-01	-3.60E-02	
8.53E-5	1.60E-01	-3.60E-02	
8.54E-5	1.60E-01	-3.60E-02	
8.55E-5	1.60E-01	-3.60E-02	
8.56E-5	1.20E-01	-3.60E-02	
8.57E-5	1.20E-01	-3.60E-02	
8.58E-5	1.20E-01	-3.60E-02	
8.59E-5	1.20E-01	-3.80E-02	
8.6E-5	1.20E-01	-3.80E-02	
8.61E-5	1.20E-01	-4.00E-02	
8.62E-5	1.20E-01	-4.40E-02	
8.63E-5	1.20E-01	-4.60E-02	
8.64E-5	8.00E-02	-4.60E-02	
8.65E-5	8.00E-02	-4.80E-02	
8.66E-5	8.00E-02	-5.00E-02	
8.67E-5	8.00E-02	-5.00E-02	
8.68E-5	8.00E-02	-5.20E-02	
8.69E-5	8.00E-02	-5.20E-02	
8.7E-5	8.00E-02	-5.00E-02	
8.71E-5	8.00E-02	-5.00E-02	
8.72E-5	8.00E-02	-5.00E-02	
8.73E-5	8.00E-02	-5.00E-02	
8.74E-5	8.00E-02	-5.00E-02	
8.75E-5	8.00E-02	-5.00E-02	
8.76E-5	8.00E-02	-5.00E-02	
8.77E-5	8.00E-02	-5.20E-02	
8.78E-5	1.20E-01	-5.40E-02	
8.79E-5	1.20E-01	-5.40E-02	
8.8E-5	8.00E-02	-5.40E-02	
8.81E-5	8.00E-02	-5.60E-02	
8.82E-5	1.20E-01	-5.60E-02	
8.83E-5	1.20E-01	-5.80E-02	
8.84E-5	1.20E-01	-5.80E-02	
8.85E-5	1.20E-01	-6.00E-02	
8.86E-5	1.20E-01	-6.00E-02	
8.87E-5	1.20E-01	-6.00E-02	
8.88E-5	1.20E-01	-6.00E-02	
8.89E-5	1.20E-01	-6.00E-02	
8.9E-5	1.20E-01	-5.80E-02	
8.91E-5	1.20E-01	-5.80E-02	
8.92E-5	1.20E-01	-6.00E-02	
8.93E-5	1.20E-01	-6.00E-02	
8.94E-5	1.20E-01	-6.00E-02	
8.95E-5	1.20E-01	-6.00E-02	
8.96E-5	1.60E-01	-5.80E-02	
8.97E-5	1.60E-01	-5.80E-02	
8.98E-5	1.60E-01	-5.80E-02	
8.99E-5	1.60E-01	-6.00E-02	
9.E-5	1.60E-01	-6.00E-02	
9.01E-5	1.60E-01	-6.40E-02	
9.02E-5	1.60E-01	-6.60E-02	
9.03E-5	1.60E-01	-6.80E-02	
9.04E-5	1.60E-01	-7.00E-02	
9.05E-5	1.60E-01	-6.80E-02	
9.06E-5	1.60E-01	-6.80E-02	
9.07E-5	1.60E-01	-6.60E-02	
9.08E-5	1.60E-01	-6.60E-02	
9.09E-5	1.60E-01	-6.60E-02	
9.1E-5	1.60E-01	-6.60E-02	
9.11E-5	1.60E-01	-6.40E-02	
9.12E-5	1.60E-01	-6.40E-02	
9.13E-5	1.60E-01	-6.40E-02	
9.14E-5	1.60E-01	-6.40E-02	
9.15E-5	1.60E-01	-6.60E-02	
9.16E-5	1.60E-01	-7.00E-02	
9.17E-5	1.60E-01	-7.40E-02	
9.18E-5	1.60E-01	-7.80E-02	
9.19E-5	1.60E-01	-8.00E-02	
9.2E-5	1.60E-01	-8.20E-02	
9.21E-5	1.60E-01	-8.20E-02	
9.22E-5	1.60E-01	-8.20E-02	
9.23E-5	1.60E-01	-8.00E-02	
9.24E-5	1.60E-01	-7.80E-02	
9.25E-5	1.60E-01	-7.60E-02	
9.26E-5	1.60E-01	-7.20E-02	
9.27E-5	1.60E-01	-7.20E-02	
9.28E-5	1.60E-01	-7.00E-02	
9.29E-5	1.60E-01	-7.00E-02	
9.3E-5	1.60E-01	-7.00E-02	
9.31E-5	1.60E-01	-7.00E-02	
9.32E-5	1.60E-01	-7.20E-02	
9.33E-5	1.60E-01	-7.40E-02	
9.34E-5	1.20E-01	-7.60E-02	
9.35E-5	1.20E-01	-7.80E-02	
9.36E-5	1.20E-01	-7.80E-02	
9.37E-5	1.20E-01	-7.80E-02	
9.38E-5	1.20E-01	-7.80E-02	
9.39E-5	1.20E-01	-7.80E-02	
9.4E-5	1.20E-01	-7.80E-02	
9.41E-5	1.20E-01	-7.80E-02	
9.42E-5	1.20E-01	-7.60E-02	
9.43E-5	1.20E-01	-7.40E-02	
9.44E-5	1.20E-01	-7.40E-02	
9.45E-5	1.20E-01	-7.40E-02	
9.46E-5	1.20E-01	-7.60E-02	
9.47E-5	1.20E-01	-7.80E-02	
9.48E-5	1.20E-01	-7.80E-02	
9.49E-5	1.20E-01	-8.00E-02	
9.5E-5	1.20E-01	-8.40E-02	
9.51E-5	1.20E-01	-8.60E-02	
9.52E-5	1.20E-01	-9.00E-02	
9.53E-5	1.20E-01	-9.00E-02	
9.54E-5	1.20E-01	-9.00E-02	
9.55E-5	1.20E-01	-9.00E-02	
9.56E-5	1.20E-01	-9.00E-02	
9.57E-5	1.20E-01	-9.00E-02	
9.58E-5	1.20E-01	-8.80E-02	
9.59E-5	8.00E-02	-8.60E-02	
9.6E-5	8.00E-02	-8.40E-02	
9.61E-5	8.00E-02	-8.40E-02	
9.62E-5	8.00E-02	-8.20E-02	
9.63E-5	1.20E-01	-8.40E-02	
9.64E-5	1.20E-01	-8.40E-02	
9.65E-5	1.20E-01	-8.40E-02	
9.66E-5	1.20E-01	-8.60E-02	
9.67E-5	1.20E-01	-8.80E-02	
9.68E-5	1.20E-01	-9.00E-02	
9.69E-5	1.20E-01	-9.20E-02	
9.7E-5	1.20E-01	-9.40E-02	
9.71E-5	1.20E-01	-9.60E-02	
9.72E-5	1.20E-01	-9.60E-02	
9.73E-5	1.20E-01	-9.40E-02	
9.74E-5	1.20E-01	-9.40E-02	
9.75E-5	1.20E-01	-9.40E-02	
9.76E-5	1.20E-01	-9.60E-02	
9.77E-5	1.20E-01	-9.60E-02	
9.78E-5	1.20E-01	-9.60E-02	
9.79E-5	1.20E-01	-9.40E-02	
9.8E-5	1.20E-01	-9.20E-02	
9.81E-5	1.60E-01	-9.00E-02	
9.82E-5	1.60E-01	-9.00E-02	
9.83E-5	1.60E-01	-9.00E-02	
9.84E-5	1.60E-01	-9.00E-02	
9.85E-5	1.60E-01	-9.20E-02	
9.86E-5	1.60E-01	-9.20E-02	
9.87E-5	1.60E-01	-9.20E-02	
9.88E-5	1.60E-01	-9.40E-02	
9.89E-5	1.60E-01	-9.20E-02	
9.9E-5	1.60E-01	-9.20E-02	
9.91E-5	1.60E-01	-9.20E-02	
9.92E-5	1.60E-01	-9.20E-02	
9.93E-5	1.60E-01	-9.00E-02	
9.94E-5	1.60E-01	-9.00E-02	
9.95E-5	1.60E-01	-9.00E-02	
9.96E-5	2.00E-01	-9.00E-02	
9.97E-5	2.00E-01	-9.20E-02	
9.98E-5	2.00E-01	-9.20E-02	
9.99E-5	1.60E-01	-9.20E-02	
1.E-4	1.60E-01	-9.20E-02	
1.001E-4	1.60E-01	-9.20E-02	
1.002E-4	1.60E-01	-9.40E-02	
1.003E-4	1.60E-01	-9.40E-02	
1.004E-4	1.60E-01	-9.20E-02	
1.005E-4	1.60E-01	-9.00E-02	
1.006E-4	1.60E-01	-8.80E-02	
1.007E-4	1.60E-01	-8.80E-02	
1.008E-4	1.60E-01	-8.80E-02	
1.009E-4	1.60E-01	-8.80E-02	
1.01E-4	1.60E-01	-8.60E-02	
1.011E-4	1.60E-01	-8.60E-02	
1.012E-4	1.60E-01	-8.60E-02	
1.013E-4	1.20E-01	-8.60E-02	
1.014E-4	1.20E-01	-8.60E-02	
1.015E-4	1.60E-01	-8.60E-02	
1.016E-4	1.60E-01	-8.40E-02	
1.017E-4	1.60E-01	-8.40E-02	
1.018E-4	1.20E-01	-8.40E-02	
1.019E-4	1.20E-01	-8.40E-02	
1.02E-4	1.20E-01	-8.40E-02	
1.021E-4	1.20E-01	-8.40E-02	
1.022E-4	1.20E-01	-8.40E-02	
1.023E-4	1.20E-01	-8.40E-02	
1.024E-4	1.20E-01	-8.40E-02	
1.025E-4	1.20E-01	-8.20E-02	
1.026E-4	1.20E-01	-8.20E-02	
1.027E-4	1.20E-01	-8.00E-02	
1.028E-4	1.20E-01	-7.80E-02	
1.029E-4	1.60E-01	-7.60E-02	
1.03E-4	1.20E-01	-7.40E-02	
1.031E-4	1.20E-01	-7.40E-02	
1.032E-4	1.20E-01	-7.40E-02	
1.033E-4	1.20E-01	-7.40E-02	
1.034E-4	1.20E-01	-7.40E-02	
1.035E-4	1.20E-01	-7.40E-02	
1.036E-4	1.20E-01	-7.40E-02	
1.037E-4	1.20E-01	-7.60E-02	
1.038E-4	1.20E-01	-7.60E-02	
1.039E-4	1.20E-01	-7.60E-02	
1.04E-4	1.20E-01	-7.40E-02	
1.041E-4	1.20E-01	-7.40E-02	
1.042E-4	1.20E-01	-7.20E-02	
1.043E-4	1.20E-01	-6.80E-02	
1.044E-4	1.20E-01	-6.60E-02	
1.045E-4	1.20E-01	-6.60E-02	
1.046E-4	1.20E-01	-6.40E-02	
1.047E-4	1.20E-01	-6.40E-02	
1.048E-4	1.20E-01	-6.20E-02	
1.049E-4	1.20E-01	-6.20E-02	
1.05E-4	1.20E-01	-6.20E-02	
1.051E-4	1.20E-01	-6.20E-02	
1.052E-4	1.20E-01	-6.40E-02	
1.053E-4	1.60E-01	-6.40E-02	
1.054E-4	1.20E-01	-6.60E-02	
1.055E-4	1.20E-01	-6.60E-02	
1.056E-4	1.20E-01	-6.40E-02	
1.057E-4	1.20E-01	-6.40E-02	
1.058E-4	1.20E-01	-6.20E-02	
1.059E-4	1.20E-01	-6.00E-02	
1.06E-4	1.20E-01	-6.00E-02	
1.061E-4	1.20E-01	-5.80E-02	
1.062E-4	1.60E-01	-5.60E-02	
1.063E-4	1.20E-01	-5.40E-02	
1.064E-4	1.20E-01	-5.40E-02	
1.065E-4	1.20E-01	-5.40E-02	
1.066E-4	1.60E-01	-5.40E-02	
1.067E-4	1.60E-01	-5.40E-02	
1.068E-4	1.60E-01	-5.40E-02	
1.069E-4	1.60E-01	-5.40E-02	
1.07E-4	1.60E-01	-5.20E-02	
1.071E-4	1.60E-01	-5.20E-02	
1.072E-4	1.60E-01	-5.00E-02	
1.073E-4	1.60E-01	-5.00E-02	
1.074E-4	1.60E-01	-5.00E-02	
1.075E-4	1.60E-01	-4.80E-02	
1.076E-4	1.60E-01	-4.80E-02	
1.077E-4	1.60E-01	-4.60E-02	
1.078E-4	1.60E-01	-4.60E-02	
1.079E-4	1.60E-01	-4.40E-02	
1.08E-4	1.60E-01	-4.40E-02	
1.081E-4	1.60E-01	-4.40E-02	
1.082E-4	1.60E-01	-4.40E-02	
1.083E-4	1.60E-01	-4.40E-02	
1.084E-4	1.60E-01	-4.40E-02	
1.085E-4	1.60E-01	-4.60E-02	
1.086E-4	1.60E-01	-4.80E-02	
1.087E-4	1.60E-01	-5.00E-02	
1.088E-4	2.00E-01	-5.20E-02	
1.089E-4	2.00E-01	-5.20E-02	
1.09E-4	2.00E-01	-5.20E-02	
1.091E-4	1.60E-01	-5.20E-02	
1.092E-4	1.60E-01	-5.00E-02	
1.093E-4	1.60E-01	-4.80E-02	
1.094E-4	1.60E-01	-4.80E-02	
1.095E-4	1.20E-01	-4.60E-02	
1.096E-4	1.20E-01	-4.60E-02	
1.097E-4	1.20E-01	-4.40E-02	
1.098E-4	1.20E-01	-4.20E-02	
1.099E-4	1.20E-01	-4.20E-02	
1.1E-4	1.20E-01	-4.20E-02	
1.101E-4	1.20E-01	-4.40E-02	
1.102E-4	1.20E-01	-4.60E-02	
1.103E-4	1.60E-01	-4.80E-02	
1.104E-4	1.60E-01	-5.00E-02	
1.105E-4	1.60E-01	-5.00E-02	
1.106E-4	1.60E-01	-5.00E-02	
1.107E-4	1.60E-01	-5.00E-02	
1.108E-4	1.20E-01	-5.20E-02	
1.109E-4	1.20E-01	-5.20E-02	
1.11E-4	1.20E-01	-5.40E-02	
1.111E-4	1.20E-01	-5.40E-02	
1.112E-4	1.20E-01	-5.40E-02	
1.113E-4	1.20E-01	-5.40E-02	
1.114E-4	1.20E-01	-5.40E-02	
1.115E-4	1.20E-01	-5.40E-02	
1.116E-4	1.20E-01	-5.20E-02	
1.117E-4	1.20E-01	-5.20E-02	
1.118E-4	1.20E-01	-5.00E-02	
1.119E-4	1.20E-01	-5.00E-02	
1.12E-4	1.20E-01	-5.00E-02	
1.121E-4	1.20E-01	-4.80E-02	
1.122E-4	1.20E-01	-4.80E-02	
1.123E-4	1.20E-01	-4.80E-02	
1.124E-4	1.20E-01	-4.80E-02	
1.125E-4	1.20E-01	-5.00E-02	
1.126E-4	1.20E-01	-5.40E-02	
1.127E-4	1.20E-01	-5.60E-02	
1.128E-4	1.20E-01	-5.60E-02	
1.129E-4	1.20E-01	-5.60E-02	
1.13E-4	1.20E-01	-5.60E-02	
1.131E-4	1.20E-01	-5.60E-02	
1.132E-4	1.20E-01	-5.60E-02	
1.133E-4	1.20E-01	-5.80E-02	
1.134E-4	1.20E-01	-5.60E-02	
1.135E-4	1.20E-01	-5.60E-02	
1.136E-4	1.20E-01	-5.60E-02	
1.137E-4	1.20E-01	-5.60E-02	
1.138E-4	1.20E-01	-5.80E-02	
1.139E-4	1.20E-01	-5.80E-02	
1.14E-4	1.20E-01	-5.80E-02	
1.141E-4	1.20E-01	-6.00E-02	
1.142E-4	1.20E-01	-6.00E-02	
1.143E-4	1.20E-01	-6.00E-02	
1.144E-4	1.20E-01	-6.00E-02	
1.145E-4	1.20E-01	-6.00E-02	
1.146E-4	1.20E-01	-6.00E-02	
1.147E-4	1.20E-01	-6.00E-02	
1.148E-4	1.20E-01	-5.80E-02	
1.149E-4	1.20E-01	-5.80E-02	
1.15E-4	1.20E-01	-5.80E-02	
1.151E-4	1.20E-01	-5.80E-02	
1.152E-4	1.60E-01	-5.80E-02	
1.153E-4	1.60E-01	-5.80E-02	
1.154E-4	1.60E-01	-5.80E-02	
1.155E-4	1.60E-01	-5.80E-02	
1.156E-4	1.60E-01	-5.80E-02	
1.157E-4	1.20E-01	-5.80E-02	
1.158E-4	1.20E-01	-6.00E-02	
1.159E-4	1.60E-01	-6.00E-02	
1.16E-4	1.20E-01	-6.00E-02	
1.161E-4	1.20E-01	-6.00E-02	
1.162E-4	1.20E-01	-6.20E-02	
1.163E-4	1.20E-01	-6.20E-02	
1.164E-4	1.20E-01	-6.00E-02	
1.165E-4	1.20E-01	-5.80E-02	
1.166E-4	1.20E-01	-5.60E-02	
1.167E-4	1.60E-01	-5.40E-02	
1.168E-4	1.60E-01	-5.20E-02	
1.169E-4	1.60E-01	-5.20E-02	
1.17E-4	1.60E-01	-5.20E-02	
1.171E-4	1.60E-01	-5.40E-02	
1.172E-4	1.60E-01	-5.40E-02	
1.173E-4	1.60E-01	-5.40E-02	
1.174E-4	1.60E-01	-5.40E-02	
1.175E-4	1.20E-01	-5.20E-02	
1.176E-4	1.20E-01	-5.40E-02	
1.177E-4	1.20E-01	-5.60E-02	
1.178E-4	1.20E-01	-5.80E-02	
1.179E-4	1.20E-01	-5.80E-02	
1.18E-4	1.60E-01	-6.00E-02	
1.181E-4	1.60E-01	-6.00E-02	
1.182E-4	1.60E-01	-6.00E-02	
1.183E-4	1.60E-01	-6.00E-02	
1.184E-4	1.60E-01	-6.00E-02	
1.185E-4	1.60E-01	-5.80E-02	
1.186E-4	1.60E-01	-5.40E-02	
1.187E-4	1.60E-01	-5.20E-02	
1.188E-4	1.60E-01	-5.00E-02	
1.189E-4	1.20E-01	-5.00E-02	
1.19E-4	1.60E-01	-5.00E-02	
1.191E-4	1.60E-01	-5.20E-02	
1.192E-4	1.20E-01	-5.40E-02	
1.193E-4	1.60E-01	-5.80E-02	
1.194E-4	1.60E-01	-6.00E-02	
1.195E-4	1.20E-01	-6.20E-02	
1.196E-4	1.20E-01	-6.20E-02	
1.197E-4	1.20E-01	-6.20E-02	
1.198E-4	1.20E-01	-6.00E-02	
1.199E-4	1.20E-01	-5.60E-02	
1.2E-4	1.20E-01	-5.40E-02	
1.201E-4	1.20E-01	-5.20E-02	
1.202E-4	1.20E-01	-5.00E-02	
1.203E-4	1.20E-01	-5.00E-02	
1.204E-4	1.20E-01	-5.00E-02	
1.205E-4	1.20E-01	-5.00E-02	
1.206E-4	1.20E-01	-5.20E-02	
1.207E-4	1.20E-01	-5.20E-02	
1.208E-4	1.20E-01	-5.40E-02	
1.209E-4	1.20E-01	-5.60E-02	
1.21E-4	1.20E-01	-5.60E-02	
1.211E-4	1.20E-01	-5.80E-02	
1.212E-4	1.20E-01	-5.60E-02	
1.213E-4	1.20E-01	-5.60E-02	
1.214E-4	1.20E-01	-5.60E-02	
1.215E-4	1.20E-01	-5.40E-02	
1.216E-4	1.20E-01	-5.40E-02	
1.217E-4	1.20E-01	-5.20E-02	
1.218E-4	1.20E-01	-5.00E-02	
1.219E-4	1.20E-01	-5.00E-02	
1.22E-4	1.20E-01	-5.00E-02	
1.221E-4	1.20E-01	-5.20E-02	
1.222E-4	1.20E-01	-5.60E-02	
1.223E-4	1.20E-01	-5.80E-02	
1.224E-4	1.20E-01	-6.00E-02	
1.225E-4	1.20E-01	-6.20E-02	
1.226E-4	1.20E-01	-6.40E-02	
1.227E-4	1.20E-01	-6.40E-02	
1.228E-4	1.20E-01	-6.40E-02	
1.229E-4	1.20E-01	-6.40E-02	
1.23E-4	1.20E-01	-6.40E-02	
1.231E-4	1.20E-01	-6.40E-02	
1.232E-4	1.20E-01	-6.20E-02	
1.233E-4	1.20E-01	-6.00E-02	
1.234E-4	1.20E-01	-6.00E-02	
1.235E-4	1.20E-01	-5.80E-02	
1.236E-4	1.20E-01	-5.80E-02	
1.237E-4	1.20E-01	-5.80E-02	
1.238E-4	1.20E-01	-5.80E-02	
1.239E-4	1.20E-01	-5.80E-02	
1.24E-4	1.20E-01	-5.80E-02	
1.241E-4	1.20E-01	-6.00E-02	
1.242E-4	1.20E-01	-6.00E-02	
1.243E-4	1.20E-01	-6.00E-02	
1.244E-4	1.20E-01	-6.00E-02	
1.245E-4	1.20E-01	-6.20E-02	
1.246E-4	1.20E-01	-6.20E-02	
1.247E-4	1.20E-01	-6.40E-02	
1.248E-4	1.20E-01	-6.40E-02	
1.249E-4	1.60E-01	-6.20E-02	
1.25E-4	1.60E-01	-6.20E-02	
1.251E-4	1.60E-01	-6.20E-02	
1.252E-4	1.60E-01	-6.20E-02	
1.253E-4	1.60E-01	-6.20E-02	
1.254E-4	1.60E-01	-6.40E-02	
1.255E-4	1.60E-01	-6.40E-02	
1.256E-4	1.60E-01	-6.60E-02	
1.257E-4	1.60E-01	-6.80E-02	
1.258E-4	1.60E-01	-6.80E-02	
1.259E-4	1.60E-01	-6.80E-02	
1.26E-4	1.60E-01	-6.80E-02	
1.261E-4	1.60E-01	-6.80E-02	
1.262E-4	1.60E-01	-6.60E-02	
1.263E-4	1.60E-01	-6.60E-02	
1.264E-4	1.60E-01	-6.40E-02	
1.265E-4	1.60E-01	-6.40E-02	
1.266E-4	1.60E-01	-6.40E-02	
1.267E-4	1.60E-01	-6.60E-02	
1.268E-4	1.60E-01	-6.60E-02	
1.269E-4	1.60E-01	-6.80E-02	
1.27E-4	1.60E-01	-6.80E-02	
1.271E-4	1.60E-01	-6.80E-02	
1.272E-4	1.60E-01	-6.80E-02	
1.273E-4	1.60E-01	-6.60E-02	
1.274E-4	1.60E-01	-6.60E-02	
1.275E-4	1.60E-01	-6.60E-02	
1.276E-4	1.60E-01	-6.60E-02	
1.277E-4	1.60E-01	-6.60E-02	
1.278E-4	1.60E-01	-6.60E-02	
1.279E-4	1.60E-01	-6.60E-02	
1.28E-4	1.20E-01	-6.60E-02	
1.281E-4	1.20E-01	-6.80E-02	
1.282E-4	1.20E-01	-6.80E-02	
1.283E-4	1.20E-01	-7.00E-02	
1.284E-4	1.20E-01	-7.00E-02	
1.285E-4	1.20E-01	-7.00E-02	
1.286E-4	1.20E-01	-7.00E-02	
1.287E-4	1.20E-01	-7.00E-02	
1.288E-4	1.20E-01	-7.00E-02	
1.289E-4	1.20E-01	-7.00E-02	
1.29E-4	1.20E-01	-6.80E-02	
1.291E-4	1.20E-01	-6.60E-02	
1.292E-4	1.20E-01	-6.40E-02	
1.293E-4	1.20E-01	-6.20E-02	
1.294E-4	1.20E-01	-6.20E-02	
1.295E-4	1.20E-01	-6.40E-02	
1.296E-4	1.20E-01	-6.40E-02	
1.297E-4	1.20E-01	-6.60E-02	
1.298E-4	1.20E-01	-6.60E-02	
1.299E-4	1.20E-01	-6.60E-02	
1.3E-4	1.20E-01	-6.40E-02	
1.301E-4	1.20E-01	-6.40E-02	
1.302E-4	1.20E-01	-6.20E-02	
1.303E-4	1.20E-01	-6.20E-02	
1.304E-4	1.20E-01	-6.00E-02	
1.305E-4	1.20E-01	-6.00E-02	
1.306E-4	1.20E-01	-6.20E-02	
1.307E-4	1.20E-01	-6.20E-02	
1.308E-4	1.20E-01	-6.20E-02	
1.309E-4	1.20E-01	-6.20E-02	
1.31E-4	1.20E-01	-6.00E-02	
1.311E-4	1.20E-01	-6.00E-02	
1.312E-4	1.20E-01	-6.00E-02	
1.313E-4	1.20E-01	-6.00E-02	
1.314E-4	1.20E-01	-5.80E-02	
1.315E-4	1.20E-01	-5.80E-02	
1.316E-4	1.20E-01	-5.80E-02	
1.317E-4	1.20E-01	-5.80E-02	
1.318E-4	1.20E-01	-5.80E-02	
1.319E-4	1.20E-01	-5.60E-02	
1.32E-4	1.20E-01	-5.60E-02	
1.321E-4	1.20E-01	-5.40E-02	
1.322E-4	1.20E-01	-5.20E-02	
1.323E-4	1.20E-01	-5.20E-02	
1.324E-4	1.60E-01	-5.00E-02	
1.325E-4	1.60E-01	-5.00E-02	
1.326E-4	1.60E-01	-5.00E-02	
1.327E-4	1.20E-01	-5.00E-02	
1.328E-4	1.60E-01	-5.00E-02	
1.329E-4	1.20E-01	-5.00E-02	
1.33E-4	1.20E-01	-5.20E-02	
1.331E-4	1.20E-01	-5.20E-02	
1.332E-4	1.20E-01	-5.00E-02	
1.333E-4	1.20E-01	-5.00E-02	
1.334E-4	1.20E-01	-5.00E-02	
1.335E-4	1.20E-01	-4.80E-02	
1.336E-4	1.20E-01	-4.80E-02	
1.337E-4	1.60E-01	-4.80E-02	
1.338E-4	1.60E-01	-4.80E-02	
1.339E-4	1.60E-01	-5.00E-02	
1.34E-4	1.60E-01	-5.00E-02	
1.341E-4	1.60E-01	-5.20E-02	
1.342E-4	1.60E-01	-5.20E-02	
1.343E-4	1.60E-01	-5.20E-02	
1.344E-4	1.60E-01	-5.20E-02	
1.345E-4	1.60E-01	-5.20E-02	
1.346E-4	1.60E-01	-5.00E-02	
1.347E-4	1.60E-01	-5.00E-02	
1.348E-4	1.60E-01	-5.00E-02	
1.349E-4	1.60E-01	-5.00E-02	
1.35E-4	1.60E-01	-5.00E-02	
1.351E-4	1.60E-01	-5.00E-02	
1.352E-4	1.60E-01	-4.80E-02	
1.353E-4	1.60E-01	-4.80E-02	
1.354E-4	1.60E-01	-4.60E-02	
1.355E-4	1.60E-01	-4.60E-02	
1.356E-4	1.60E-01	-4.40E-02	
1.357E-4	1.60E-01	-4.20E-02	
1.358E-4	1.60E-01	-4.00E-02	
1.359E-4	1.20E-01	-4.00E-02	
1.36E-4	1.20E-01	-3.80E-02	
1.361E-4	1.20E-01	-3.80E-02	
1.362E-4	1.60E-01	-4.00E-02	
1.363E-4	1.20E-01	-4.20E-02	
1.364E-4	1.20E-01	-4.40E-02	
1.365E-4	1.20E-01	-4.60E-02	
1.366E-4	1.20E-01	-4.80E-02	
1.367E-4	1.20E-01	-5.00E-02	
1.368E-4	1.20E-01	-5.00E-02	
1.369E-4	1.20E-01	-5.20E-02	
1.37E-4	1.20E-01	-5.20E-02	
1.371E-4	1.20E-01	-5.00E-02	
1.372E-4	1.20E-01	-5.00E-02	
1.373E-4	1.20E-01	-5.00E-02	
1.374E-4	1.20E-01	-5.00E-02	
1.375E-4	1.20E-01	-5.00E-02	
1.376E-4	1.20E-01	-4.80E-02	
1.377E-4	1.20E-01	-4.80E-02	
1.378E-4	1.20E-01	-4.60E-02	
1.379E-4	1.20E-01	-4.80E-02	
1.38E-4	1.20E-01	-4.80E-02	
1.381E-4	1.20E-01	-5.00E-02	
1.382E-4	1.20E-01	-5.00E-02	
1.383E-4	1.20E-01	-5.00E-02	
1.384E-4	1.20E-01	-5.00E-02	
1.385E-4	1.20E-01	-4.80E-02	
1.386E-4	1.20E-01	-4.80E-02	
1.387E-4	1.20E-01	-5.00E-02	
1.388E-4	1.20E-01	-5.00E-02	
1.389E-4	1.20E-01	-5.20E-02	
1.39E-4	1.20E-01	-5.20E-02	
1.391E-4	1.20E-01	-5.20E-02	
1.392E-4	1.20E-01	-5.00E-02	
1.393E-4	1.20E-01	-5.00E-02	
1.394E-4	1.20E-01	-5.00E-02	
1.395E-4	1.20E-01	-4.80E-02	
1.396E-4	1.20E-01	-5.00E-02	
1.397E-4	1.20E-01	-5.00E-02	
1.398E-4	1.20E-01	-5.00E-02	
1.399E-4	1.20E-01	-5.20E-02	
1.4E-4	1.20E-01	-5.20E-02	
1.401E-4	1.20E-01	-5.40E-02	
1.402E-4	1.20E-01	-5.40E-02	
1.403E-4	1.20E-01	-5.60E-02	
1.404E-4	1.60E-01	-5.60E-02	
1.405E-4	1.60E-01	-5.60E-02	
1.406E-4	1.60E-01	-5.60E-02	
1.407E-4	1.60E-01	-5.40E-02	
1.408E-4	1.60E-01	-5.40E-02	
1.409E-4	1.60E-01	-5.40E-02	
1.41E-4	1.60E-01	-5.60E-02	
1.411E-4	1.60E-01	-5.60E-02	
1.412E-4	1.60E-01	-5.80E-02	
1.413E-4	1.20E-01	-5.80E-02	
1.414E-4	1.20E-01	-5.80E-02	
1.415E-4	1.20E-01	-5.80E-02	
1.416E-4	1.20E-01	-6.00E-02	
1.417E-4	1.60E-01	-6.00E-02	
1.418E-4	1.20E-01	-6.20E-02	
1.419E-4	1.60E-01	-6.40E-02	
1.42E-4	1.60E-01	-6.40E-02	
1.421E-4	1.60E-01	-6.40E-02	
1.422E-4	1.60E-01	-6.40E-02	
1.423E-4	1.60E-01	-6.20E-02	
1.424E-4	1.60E-01	-6.20E-02	
1.425E-4	1.20E-01	-6.00E-02	
1.426E-4	1.60E-01	-5.80E-02	
1.427E-4	1.60E-01	-5.60E-02	
1.428E-4	1.60E-01	-5.60E-02	
1.429E-4	1.60E-01	-5.60E-02	
1.43E-4	1.60E-01	-5.60E-02	
1.431E-4	1.60E-01	-5.60E-02	
1.432E-4	1.60E-01	-5.60E-02	
1.433E-4	1.60E-01	-5.60E-02	
1.434E-4	1.60E-01	-5.80E-02	
1.435E-4	1.20E-01	-5.80E-02	
1.436E-4	1.60E-01	-6.00E-02	
1.437E-4	1.60E-01	-6.00E-02	
1.438E-4	1.60E-01	-6.00E-02	
1.439E-4	1.20E-01	-6.00E-02	
1.44E-4	1.60E-01	-6.00E-02	
1.441E-4	1.60E-01	-6.00E-02	
1.442E-4	1.60E-01	-5.80E-02	
1.443E-4	1.20E-01	-5.80E-02	
1.444E-4	1.60E-01	-5.80E-02	
1.445E-4	1.20E-01	-5.80E-02	
1.446E-4	1.20E-01	-6.00E-02	
1.447E-4	1.20E-01	-6.00E-02	
1.448E-4	1.20E-01	-6.00E-02	
1.449E-4	1.20E-01	-6.00E-02	
1.45E-4	1.20E-01	-6.00E-02	
1.451E-4	1.60E-01	-6.00E-02	
1.452E-4	1.20E-01	-6.00E-02	
1.453E-4	1.20E-01	-6.00E-02	
1.454E-4	1.20E-01	-6.00E-02	
1.455E-4	1.60E-01	-6.00E-02	
1.456E-4	1.60E-01	-6.00E-02	
1.457E-4	1.60E-01	-5.80E-02	
1.458E-4	1.20E-01	-5.80E-02	
1.459E-4	1.20E-01	-5.80E-02	
1.46E-4	1.20E-01	-5.80E-02	
1.461E-4	1.20E-01	-5.60E-02	
1.462E-4	1.20E-01	-5.60E-02	
1.463E-4	1.20E-01	-5.40E-02	
1.464E-4	1.20E-01	-5.40E-02	
1.465E-4	1.20E-01	-5.20E-02	
1.466E-4	1.20E-01	-5.20E-02	
1.467E-4	1.20E-01	-5.20E-02	
1.468E-4	1.20E-01	-5.20E-02	
1.469E-4	1.20E-01	-5.40E-02	
1.47E-4	1.20E-01	-5.60E-02	
1.471E-4	1.20E-01	-5.80E-02	
1.472E-4	1.60E-01	-5.80E-02	
1.473E-4	1.20E-01	-5.80E-02	
1.474E-4	1.20E-01	-5.80E-02	
1.475E-4	1.20E-01	-6.00E-02	
1.476E-4	1.20E-01	-6.00E-02	
1.477E-4	1.20E-01	-6.00E-02	
1.478E-4	1.20E-01	-6.00E-02	
1.479E-4	1.20E-01	-5.80E-02	
1.48E-4	1.20E-01	-5.60E-02	
1.481E-4	1.20E-01	-5.20E-02	
1.482E-4	1.20E-01	-5.20E-02	
1.483E-4	1.60E-01	-5.00E-02	
1.484E-4	1.60E-01	-5.00E-02	
1.485E-4	1.60E-01	-5.20E-02	
1.486E-4	1.60E-01	-5.20E-02	
1.487E-4	1.60E-01	-5.20E-02	
1.488E-4	1.60E-01	-5.40E-02	
1.489E-4	1.60E-01	-5.40E-02	
1.49E-4	1.60E-01	-5.40E-02	
1.491E-4	1.60E-01	-5.60E-02	
1.492E-4	1.60E-01	-5.60E-02	
1.493E-4	1.60E-01	-5.60E-02	
1.494E-4	1.20E-01	-5.40E-02	
1.495E-4	1.20E-01	-5.40E-02	
1.496E-4	1.60E-01	-5.40E-02	
1.497E-4	1.60E-01	-5.40E-02	
1.498E-4	1.60E-01	-5.20E-02	
1.499E-4	1.60E-01	-5.20E-02	
1.5E-4	1.60E-01	-5.00E-02	
1.501E-4	1.60E-01	-5.00E-02	
1.502E-4	1.60E-01	-5.20E-02	
1.503E-4	1.60E-01	-5.40E-02	
1.504E-4	1.60E-01	-5.40E-02	
1.505E-4	1.20E-01	-5.40E-02	
1.506E-4	1.20E-01	-5.40E-02	
1.507E-4	1.20E-01	-5.40E-02	
1.508E-4	1.20E-01	-5.60E-02	
1.509E-4	1.20E-01	-5.60E-02	
1.51E-4	1.20E-01	-5.60E-02	
1.511E-4	1.20E-01	-5.60E-02	
1.512E-4	1.20E-01	-5.60E-02	
1.513E-4	1.20E-01	-5.60E-02	
1.514E-4	1.20E-01	-5.60E-02	
1.515E-4	1.20E-01	-5.60E-02	
1.516E-4	1.20E-01	-5.60E-02	
1.517E-4	1.60E-01	-5.40E-02	
1.518E-4	1.20E-01	-5.40E-02	
1.519E-4	1.20E-01	-5.40E-02	
1.52E-4	1.20E-01	-5.20E-02	
1.521E-4	1.20E-01	-5.20E-02	
1.522E-4	1.20E-01	-5.20E-02	
1.523E-4	1.20E-01	-5.40E-02	
1.524E-4	1.20E-01	-5.60E-02	
1.525E-4	1.20E-01	-5.60E-02	
1.526E-4	1.20E-01	-5.60E-02	
1.527E-4	1.20E-01	-5.60E-02	
1.528E-4	1.20E-01	-5.60E-02	
1.529E-4	1.20E-01	-5.60E-02	
1.53E-4	1.60E-01	-5.40E-02	
1.531E-4	1.60E-01	-5.40E-02	
1.532E-4	1.20E-01	-5.40E-02	
1.533E-4	1.60E-01	-5.40E-02	
1.534E-4	1.60E-01	-5.40E-02	
1.535E-4	1.60E-01	-5.20E-02	
1.536E-4	1.20E-01	-5.20E-02	
1.537E-4	1.20E-01	-5.20E-02	
1.538E-4	1.20E-01	-5.20E-02	
1.539E-4	1.20E-01	-5.20E-02	
1.54E-4	1.20E-01	-5.20E-02	
1.541E-4	1.20E-01	-5.40E-02	
1.542E-4	1.20E-01	-5.20E-02	
1.543E-4	1.20E-01	-5.20E-02	
1.544E-4	1.20E-01	-5.20E-02	
1.545E-4	1.60E-01	-5.20E-02	
1.546E-4	1.20E-01	-5.40E-02	
1.547E-4	1.20E-01	-5.40E-02	
1.548E-4	1.20E-01	-5.20E-02	
1.549E-4	1.20E-01	-5.20E-02	
1.55E-4	1.20E-01	-5.00E-02	
1.551E-4	1.20E-01	-5.00E-02	
1.552E-4	1.20E-01	-4.80E-02	
1.553E-4	1.20E-01	-4.80E-02	
1.554E-4	1.20E-01	-4.80E-02	
1.555E-4	1.20E-01	-4.80E-02	
1.556E-4	1.20E-01	-5.00E-02	
1.557E-4	1.20E-01	-5.20E-02	
1.558E-4	1.20E-01	-5.20E-02	
1.559E-4	1.20E-01	-5.40E-02	
1.56E-4	1.20E-01	-5.40E-02	
1.561E-4	1.20E-01	-5.40E-02	
1.562E-4	1.20E-01	-5.20E-02	
1.563E-4	1.20E-01	-5.00E-02	
1.564E-4	1.20E-01	-4.80E-02	
1.565E-4	1.20E-01	-4.80E-02	
1.566E-4	1.20E-01	-4.60E-02	
1.567E-4	1.20E-01	-4.60E-02	
1.568E-4	1.20E-01	-4.40E-02	
1.569E-4	1.20E-01	-4.40E-02	
1.57E-4	1.20E-01	-4.40E-02	
1.571E-4	1.60E-01	-4.40E-02	
1.572E-4	1.60E-01	-4.40E-02	
1.573E-4	1.60E-01	-4.40E-02	
1.574E-4	1.20E-01	-4.60E-02	
1.575E-4	1.20E-01	-4.60E-02	
1.576E-4	1.60E-01	-4.60E-02	
1.577E-4	1.20E-01	-4.60E-02	
1.578E-4	1.20E-01	-4.40E-02	
1.579E-4	1.20E-01	-4.40E-02	
1.58E-4	1.20E-01	-4.20E-02	
1.581E-4	1.20E-01	-4.20E-02	
1.582E-4	1.20E-01	-4.00E-02	
1.583E-4	1.20E-01	-4.00E-02	
1.584E-4	1.20E-01	-3.80E-02	
1.585E-4	1.20E-01	-3.80E-02	
1.586E-4	1.60E-01	-4.00E-02	
1.587E-4	1.60E-01	-4.00E-02	
1.588E-4	1.60E-01	-4.00E-02	
1.589E-4	1.60E-01	-4.00E-02	
1.59E-4	1.60E-01	-3.80E-02	
1.591E-4	1.60E-01	-3.80E-02	
1.592E-4	1.60E-01	-3.80E-02	
1.593E-4	1.60E-01	-4.00E-02	
1.594E-4	1.60E-01	-4.00E-02	
1.595E-4	1.60E-01	-4.00E-02	
1.596E-4	1.60E-01	-4.00E-02	
1.597E-4	1.20E-01	-3.80E-02	
1.598E-4	1.20E-01	-3.60E-02	
1.599E-4	1.20E-01	-3.60E-02	
1.6E-4	1.20E-01	-3.60E-02	
1.601E-4	1.20E-01	-3.80E-02	
1.602E-4	1.20E-01	-3.80E-02	
1.603E-4	1.20E-01	-3.80E-02	
1.604E-4	1.20E-01	-3.60E-02	
1.605E-4	1.60E-01	-3.60E-02	
1.606E-4	1.60E-01	-3.60E-02	
1.607E-4	1.60E-01	-3.80E-02	
1.608E-4	1.60E-01	-3.80E-02	
1.609E-4	1.60E-01	-4.00E-02	
1.61E-4	1.20E-01	-4.00E-02	
1.611E-4	1.20E-01	-4.20E-02	
1.612E-4	1.20E-01	-4.20E-02	
1.613E-4	1.20E-01	-4.20E-02	
1.614E-4	1.20E-01	-4.20E-02	
1.615E-4	1.20E-01	-4.00E-02	
1.616E-4	1.20E-01	-3.80E-02	
1.617E-4	1.20E-01	-3.60E-02	
1.618E-4	1.20E-01	-3.20E-02	
1.619E-4	1.20E-01	-3.20E-02	
1.62E-4	1.20E-01	-3.00E-02	
1.621E-4	1.20E-01	-3.00E-02	
1.622E-4	1.60E-01	-3.00E-02	
1.623E-4	1.60E-01	-3.00E-02	
1.624E-4	1.60E-01	-3.00E-02	
1.625E-4	1.60E-01	-3.20E-02	
1.626E-4	1.60E-01	-3.20E-02	
1.627E-4	1.20E-01	-3.40E-02	
1.628E-4	1.20E-01	-3.60E-02	
1.629E-4	1.20E-01	-3.80E-02	
1.63E-4	1.20E-01	-4.00E-02	
1.631E-4	1.20E-01	-4.00E-02	
1.632E-4	1.20E-01	-4.00E-02	
1.633E-4	1.20E-01	-3.80E-02	
1.634E-4	1.20E-01	-3.80E-02	
1.635E-4	1.20E-01	-3.60E-02	
1.636E-4	1.20E-01	-3.20E-02	
1.637E-4	1.20E-01	-3.20E-02	
1.638E-4	1.20E-01	-3.20E-02	
1.639E-4	1.60E-01	-3.20E-02	
1.64E-4	1.60E-01	-3.40E-02	
1.641E-4	1.60E-01	-3.60E-02	
1.642E-4	1.60E-01	-3.60E-02	
1.643E-4	1.60E-01	-3.80E-02	
1.644E-4	1.20E-01	-3.80E-02	
1.645E-4	1.20E-01	-4.00E-02	
1.646E-4	1.20E-01	-4.00E-02	
1.647E-4	1.20E-01	-4.00E-02	
1.648E-4	1.20E-01	-4.00E-02	
1.649E-4	1.20E-01	-4.00E-02	
1.65E-4	1.20E-01	-4.00E-02	
1.651E-4	1.20E-01	-4.00E-02	
1.652E-4	1.20E-01	-4.00E-02	
1.653E-4	1.20E-01	-4.00E-02	
1.654E-4	1.20E-01	-4.00E-02	
1.655E-4	1.60E-01	-4.00E-02	
1.656E-4	1.60E-01	-4.00E-02	
1.657E-4	1.60E-01	-4.20E-02	
1.658E-4	1.20E-01	-4.40E-02	
1.659E-4	1.20E-01	-4.40E-02	
1.66E-4	1.20E-01	-4.60E-02	
1.661E-4	1.20E-01	-4.60E-02	
1.662E-4	1.20E-01	-4.60E-02	
1.663E-4	1.20E-01	-4.60E-02	
1.664E-4	1.20E-01	-4.60E-02	
1.665E-4	1.20E-01	-4.60E-02	
1.666E-4	1.20E-01	-4.60E-02	
1.667E-4	1.20E-01	-4.40E-02	
1.668E-4	1.20E-01	-4.20E-02	
1.669E-4	1.60E-01	-4.00E-02	
1.67E-4	1.60E-01	-4.00E-02	
1.671E-4	1.60E-01	-4.00E-02	
1.672E-4	1.20E-01	-4.00E-02	
1.673E-4	1.60E-01	-4.00E-02	
1.674E-4	1.60E-01	-4.20E-02	
1.675E-4	1.60E-01	-4.20E-02	
1.676E-4	1.20E-01	-4.60E-02	
1.677E-4	1.20E-01	-4.80E-02	
1.678E-4	1.20E-01	-5.20E-02	
1.679E-4	1.20E-01	-5.40E-02	
1.68E-4	1.60E-01	-5.40E-02	
1.681E-4	1.20E-01	-5.20E-02	
1.682E-4	1.60E-01	-5.20E-02	
1.683E-4	1.60E-01	-5.00E-02	
1.684E-4	1.60E-01	-5.00E-02	
1.685E-4	1.60E-01	-5.00E-02	
1.686E-4	1.60E-01	-5.00E-02	
1.687E-4	1.60E-01	-4.80E-02	
1.688E-4	1.60E-01	-4.80E-02	
1.689E-4	1.60E-01	-4.80E-02	
1.69E-4	1.20E-01	-5.00E-02	
1.691E-4	1.60E-01	-5.00E-02	
1.692E-4	1.60E-01	-5.00E-02	
1.693E-4	1.20E-01	-5.20E-02	
1.694E-4	1.20E-01	-5.40E-02	
1.695E-4	1.20E-01	-5.60E-02	
1.696E-4	1.20E-01	-5.80E-02	
1.697E-4	1.20E-01	-5.80E-02	
1.698E-4	1.60E-01	-5.80E-02	
1.699E-4	1.20E-01	-5.80E-02	
1.7E-4	1.20E-01	-5.60E-02	
1.701E-4	1.20E-01	-5.40E-02	
1.702E-4	1.20E-01	-5.40E-02	
1.703E-4	1.20E-01	-5.20E-02	
1.704E-4	1.20E-01	-5.20E-02	
1.705E-4	1.20E-01	-5.20E-02	
1.706E-4	1.60E-01	-5.20E-02	
1.707E-4	1.20E-01	-5.20E-02	
1.708E-4	1.20E-01	-5.20E-02	
1.709E-4	1.60E-01	-5.20E-02	
1.71E-4	1.20E-01	-5.20E-02	
1.711E-4	1.20E-01	-5.40E-02	
1.712E-4	1.20E-01	-5.40E-02	
1.713E-4	1.20E-01	-5.40E-02	
1.714E-4	1.20E-01	-5.20E-02	
1.715E-4	1.20E-01	-5.20E-02	
1.716E-4	1.20E-01	-5.20E-02	
1.717E-4	1.20E-01	-5.20E-02	
1.718E-4	1.20E-01	-5.20E-02	
1.719E-4	1.20E-01	-5.20E-02	
1.72E-4	1.20E-01	-5.20E-02	
1.721E-4	1.20E-01	-5.40E-02	
1.722E-4	1.60E-01	-5.40E-02	
1.723E-4	1.60E-01	-5.40E-02	
1.724E-4	1.60E-01	-5.60E-02	
1.725E-4	1.20E-01	-5.60E-02	
1.726E-4	1.60E-01	-5.60E-02	
1.727E-4	1.60E-01	-5.60E-02	
1.728E-4	1.20E-01	-5.60E-02	
1.729E-4	1.60E-01	-5.40E-02	
1.73E-4	1.60E-01	-5.40E-02	
1.731E-4	1.20E-01	-5.40E-02	
1.732E-4	1.20E-01	-5.20E-02	
1.733E-4	1.20E-01	-5.40E-02	
1.734E-4	1.20E-01	-5.40E-02	
1.735E-4	1.20E-01	-5.40E-02	
1.736E-4	1.20E-01	-5.20E-02	
1.737E-4	1.20E-01	-5.20E-02	
1.738E-4	1.20E-01	-5.00E-02	
1.739E-4	1.20E-01	-5.00E-02	
1.74E-4	1.20E-01	-5.00E-02	
1.741E-4	1.20E-01	-5.20E-02	
1.742E-4	1.20E-01	-5.20E-02	
1.743E-4	1.20E-01	-5.00E-02	
1.744E-4	1.20E-01	-5.00E-02	
1.745E-4	1.20E-01	-5.20E-02	
1.746E-4	1.20E-01	-5.20E-02	
1.747E-4	1.20E-01	-5.40E-02	
1.748E-4	1.20E-01	-5.60E-02	
1.749E-4	1.20E-01	-5.40E-02	
1.75E-4	1.20E-01	-5.20E-02	
1.751E-4	1.20E-01	-5.00E-02	
1.752E-4	1.20E-01	-5.00E-02	
1.753E-4	1.20E-01	-5.00E-02	
1.754E-4	1.20E-01	-5.00E-02	
1.755E-4	1.20E-01	-5.00E-02	
1.756E-4	1.60E-01	-5.20E-02	
1.757E-4	1.60E-01	-5.40E-02	
1.758E-4	1.60E-01	-5.40E-02	
1.759E-4	1.60E-01	-5.60E-02	
1.76E-4	1.60E-01	-5.60E-02	
1.761E-4	1.60E-01	-5.60E-02	
1.762E-4	1.60E-01	-5.60E-02	
1.763E-4	1.60E-01	-5.40E-02	
1.764E-4	1.60E-01	-5.40E-02	
1.765E-4	1.60E-01	-5.40E-02	
1.766E-4	1.60E-01	-5.40E-02	
1.767E-4	1.60E-01	-5.20E-02	
1.768E-4	1.60E-01	-5.20E-02	
1.769E-4	1.60E-01	-5.20E-02	
1.77E-4	1.60E-01	-5.20E-02	
1.771E-4	1.60E-01	-5.20E-02	
1.772E-4	1.60E-01	-5.20E-02	
1.773E-4	1.60E-01	-5.20E-02	
1.774E-4	1.60E-01	-5.20E-02	
1.775E-4	1.60E-01	-5.00E-02	
1.776E-4	1.60E-01	-5.00E-02	
1.777E-4	1.60E-01	-5.00E-02	
1.778E-4	1.60E-01	-5.00E-02	
1.779E-4	1.60E-01	-5.00E-02	
1.78E-4	1.60E-01	-5.00E-02	
1.781E-4	1.60E-01	-4.80E-02	
1.782E-4	1.20E-01	-4.80E-02	
1.783E-4	1.20E-01	-4.80E-02	
1.784E-4	1.20E-01	-5.00E-02	
1.785E-4	1.20E-01	-5.00E-02	
1.786E-4	1.20E-01	-5.00E-02	
1.787E-4	1.20E-01	-5.00E-02	
1.788E-4	1.20E-01	-4.80E-02	
1.789E-4	1.20E-01	-4.80E-02	
1.79E-4	1.20E-01	-4.80E-02	
1.791E-4	1.20E-01	-4.80E-02	
1.792E-4	1.20E-01	-4.80E-02	
1.793E-4	1.20E-01	-5.00E-02	
1.794E-4	1.20E-01	-5.00E-02	
1.795E-4	1.20E-01	-5.20E-02	
1.796E-4	1.20E-01	-5.20E-02	
1.797E-4	1.20E-01	-5.20E-02	
1.798E-4	1.20E-01	-5.20E-02	
1.799E-4	1.20E-01	-5.00E-02	
1.8E-4	1.20E-01	-5.00E-02	
1.801E-4	1.20E-01	-5.00E-02	
1.802E-4	1.60E-01	-5.00E-02	
1.803E-4	1.20E-01	-5.00E-02	
1.804E-4	1.60E-01	-5.00E-02	
1.805E-4	1.20E-01	-5.00E-02	
1.806E-4	1.60E-01	-5.00E-02	
1.807E-4	1.60E-01	-5.00E-02	
1.808E-4	1.20E-01	-5.00E-02	
1.809E-4	1.20E-01	-5.00E-02	
1.81E-4	1.20E-01	-5.00E-02	
1.811E-4	1.20E-01	-5.00E-02	
1.812E-4	1.20E-01	-5.00E-02	
1.813E-4	1.20E-01	-5.00E-02	
1.814E-4	1.20E-01	-5.00E-02	
1.815E-4	1.20E-01	-5.00E-02	
1.816E-4	1.20E-01	-5.00E-02	
1.817E-4	1.20E-01	-5.00E-02	
1.818E-4	1.20E-01	-5.00E-02	
1.819E-4	1.20E-01	-5.00E-02	
1.82E-4	1.20E-01	-5.00E-02	
1.821E-4	1.20E-01	-4.80E-02	
1.822E-4	1.20E-01	-4.80E-02	
1.823E-4	1.20E-01	-4.60E-02	
1.824E-4	1.20E-01	-4.60E-02	
1.825E-4	1.20E-01	-4.60E-02	
1.826E-4	1.60E-01	-4.40E-02	
1.827E-4	1.60E-01	-4.40E-02	
1.828E-4	1.20E-01	-4.40E-02	
1.829E-4	1.20E-01	-4.40E-02	
1.83E-4	1.20E-01	-4.40E-02	
1.831E-4	1.20E-01	-4.40E-02	
1.832E-4	1.20E-01	-4.40E-02	
1.833E-4	1.20E-01	-4.40E-02	
1.834E-4	1.20E-01	-4.40E-02	
1.835E-4	1.20E-01	-4.20E-02	
1.836E-4	1.20E-01	-4.20E-02	
1.837E-4	1.20E-01	-4.20E-02	
1.838E-4	1.20E-01	-4.40E-02	
1.839E-4	1.60E-01	-4.40E-02	
1.84E-4	1.60E-01	-4.60E-02	
1.841E-4	1.60E-01	-4.60E-02	
1.842E-4	1.60E-01	-4.60E-02	
1.843E-4	1.60E-01	-4.60E-02	
1.844E-4	1.60E-01	-4.40E-02	
1.845E-4	1.60E-01	-4.40E-02	
1.846E-4	1.60E-01	-4.40E-02	
1.847E-4	1.60E-01	-4.40E-02	
1.848E-4	1.20E-01	-4.60E-02	
1.849E-4	1.60E-01	-4.40E-02	
1.85E-4	1.60E-01	-4.20E-02	
1.851E-4	1.60E-01	-4.20E-02	
1.852E-4	1.60E-01	-4.00E-02	
1.853E-4	1.60E-01	-3.80E-02	
1.854E-4	1.60E-01	-3.60E-02	
1.855E-4	1.60E-01	-3.60E-02	
1.856E-4	1.60E-01	-3.40E-02	
1.857E-4	1.60E-01	-3.60E-02	
1.858E-4	1.60E-01	-3.40E-02	
1.859E-4	1.60E-01	-3.40E-02	
1.86E-4	1.20E-01	-3.20E-02	
1.861E-4	1.20E-01	-3.00E-02	
1.862E-4	1.20E-01	-3.00E-02	
1.863E-4	1.20E-01	-3.20E-02	
1.864E-4	1.20E-01	-3.40E-02	
1.865E-4	1.20E-01	-3.40E-02	
1.866E-4	1.20E-01	-3.40E-02	
1.867E-4	1.20E-01	-3.40E-02	
1.868E-4	1.20E-01	-3.40E-02	
1.869E-4	1.20E-01	-3.40E-02	
1.87E-4	1.20E-01	-3.60E-02	
1.871E-4	1.20E-01	-3.60E-02	
1.872E-4	1.20E-01	-3.40E-02	
1.873E-4	1.20E-01	-3.40E-02	
1.874E-4	1.20E-01	-3.20E-02	
1.875E-4	1.20E-01	-3.40E-02	
1.876E-4	1.20E-01	-3.40E-02	
1.877E-4	1.20E-01	-3.40E-02	
1.878E-4	1.20E-01	-3.40E-02	
1.879E-4	1.20E-01	-3.20E-02	
1.88E-4	1.20E-01	-3.20E-02	
1.881E-4	1.20E-01	-3.20E-02	
1.882E-4	1.20E-01	-3.20E-02	
1.883E-4	1.20E-01	-3.20E-02	
1.884E-4	1.20E-01	-3.20E-02	
1.885E-4	1.20E-01	-3.40E-02	
1.886E-4	1.20E-01	-3.20E-02	
1.887E-4	1.20E-01	-3.20E-02	
1.888E-4	1.20E-01	-3.00E-02	
1.889E-4	1.20E-01	-3.00E-02	
1.89E-4	1.20E-01	-3.00E-02	
1.891E-4	1.20E-01	-3.00E-02	
1.892E-4	1.20E-01	-3.00E-02	
1.893E-4	1.60E-01	-3.00E-02	
1.894E-4	1.60E-01	-3.20E-02	
1.895E-4	1.20E-01	-3.20E-02	
1.896E-4	1.20E-01	-3.20E-02	
1.897E-4	1.20E-01	-3.00E-02	
1.898E-4	1.20E-01	-3.00E-02	
1.899E-4	1.20E-01	-2.80E-02	
1.9E-4	1.20E-01	-2.60E-02	
1.901E-4	1.20E-01	-2.60E-02	
1.902E-4	1.20E-01	-2.60E-02	
1.903E-4	1.20E-01	-2.80E-02	
1.904E-4	1.60E-01	-3.00E-02	
1.905E-4	1.20E-01	-3.00E-02	
1.906E-4	1.60E-01	-2.80E-02	
1.907E-4	1.60E-01	-2.80E-02	
1.908E-4	1.60E-01	-2.60E-02	
1.909E-4	1.60E-01	-2.60E-02	
1.91E-4	1.60E-01	-2.80E-02	
1.911E-4	1.20E-01	-2.80E-02	
1.912E-4	1.20E-01	-2.80E-02	
1.913E-4	1.20E-01	-3.00E-02	
1.914E-4	1.20E-01	-3.00E-02	
1.915E-4	1.20E-01	-3.00E-02	
1.916E-4	1.20E-01	-3.00E-02	
1.917E-4	1.20E-01	-3.20E-02	
1.918E-4	1.20E-01	-3.40E-02	
1.919E-4	1.20E-01	-3.60E-02	
1.92E-4	1.20E-01	-3.80E-02	
1.921E-4	1.20E-01	-3.80E-02	
1.922E-4	1.20E-01	-3.80E-02	
1.923E-4	1.20E-01	-3.80E-02	
1.924E-4	1.20E-01	-3.80E-02	
1.925E-4	1.20E-01	-3.80E-02	
1.926E-4	1.20E-01	-3.60E-02	
1.927E-4	1.20E-01	-3.40E-02	
1.928E-4	1.20E-01	-3.40E-02	
1.929E-4	1.20E-01	-3.20E-02	
1.93E-4	1.20E-01	-3.00E-02	
1.931E-4	1.60E-01	-3.00E-02	
1.932E-4	1.60E-01	-2.80E-02	
1.933E-4	1.60E-01	-2.60E-02	
1.934E-4	1.60E-01	-2.80E-02	
1.935E-4	1.20E-01	-2.80E-02	
1.936E-4	1.20E-01	-3.00E-02	
1.937E-4	1.20E-01	-3.00E-02	
1.938E-4	1.20E-01	-3.20E-02	
1.939E-4	1.20E-01	-3.20E-02	
1.94E-4	1.20E-01	-3.20E-02	
1.941E-4	1.20E-01	-3.40E-02	
1.942E-4	1.20E-01	-3.40E-02	
1.943E-4	1.20E-01	-3.20E-02	
1.944E-4	1.20E-01	-3.20E-02	
1.945E-4	1.20E-01	-3.40E-02	
1.946E-4	1.20E-01	-3.40E-02	
1.947E-4	1.20E-01	-3.60E-02	
1.948E-4	1.60E-01	-3.60E-02	
1.949E-4	1.20E-01	-3.60E-02	
1.95E-4	1.20E-01	-3.60E-02	
1.951E-4	1.60E-01	-3.60E-02	
1.952E-4	1.60E-01	-3.60E-02	
1.953E-4	1.60E-01	-3.60E-02	
1.954E-4	1.60E-01	-3.60E-02	
1.955E-4	1.60E-01	-3.80E-02	
1.956E-4	1.60E-01	-3.80E-02	
1.957E-4	1.60E-01	-4.00E-02	
1.958E-4	1.60E-01	-4.00E-02	
1.959E-4	1.20E-01	-3.80E-02	
1.96E-4	1.20E-01	-3.80E-02	
1.961E-4	1.20E-01	-3.80E-02	
1.962E-4	1.20E-01	-3.80E-02	
1.963E-4	1.20E-01	-3.60E-02	
1.964E-4	1.20E-01	-3.60E-02	
1.965E-4	1.20E-01	-3.60E-02	
1.966E-4	1.20E-01	-3.80E-02	
1.967E-4	1.20E-01	-4.00E-02	
1.968E-4	1.20E-01	-4.20E-02	
1.969E-4	1.20E-01	-4.40E-02	
1.97E-4	1.60E-01	-4.60E-02	
1.971E-4	1.60E-01	-4.60E-02	
1.972E-4	1.60E-01	-4.80E-02	
1.973E-4	1.60E-01	-4.80E-02	
1.974E-4	1.20E-01	-5.00E-02	
1.975E-4	1.20E-01	-5.00E-02	
1.976E-4	1.20E-01	-4.80E-02	
1.977E-4	1.20E-01	-4.80E-02	
1.978E-4	1.20E-01	-4.80E-02	
1.979E-4	1.20E-01	-4.80E-02	
1.98E-4	1.20E-01	-4.60E-02	
1.981E-4	1.20E-01	-4.60E-02	
1.982E-4	1.20E-01	-4.40E-02	
1.983E-4	1.20E-01	-4.20E-02	
1.984E-4	1.60E-01	-4.20E-02	
1.985E-4	1.60E-01	-4.20E-02	
1.986E-4	1.60E-01	-4.20E-02	
1.987E-4	1.60E-01	-4.20E-02	
1.988E-4	1.60E-01	-4.00E-02	
1.989E-4	1.60E-01	-4.00E-02	
1.99E-4	1.60E-01	-4.00E-02	
1.991E-4	1.60E-01	-4.20E-02	
1.992E-4	1.60E-01	-4.20E-02	
1.993E-4	1.60E-01	-4.20E-02	
1.994E-4	1.60E-01	-4.40E-02	
1.995E-4	1.60E-01	-4.40E-02	
1.996E-4	1.60E-01	-4.40E-02	
1.997E-4	1.20E-01	-4.40E-02	
1.998E-4	1.60E-01	-4.40E-02	
1.999E-4	1.60E-01	-4.40E-02	
2.E-4	1.60E-01	-4.40E-02	
2.001E-4	1.60E-01	-4.40E-02	
2.002E-4	1.60E-01	-4.60E-02	
2.003E-4	1.60E-01	-4.60E-02	
2.004E-4	1.60E-01	-4.60E-02	
2.005E-4	1.60E-01	-4.60E-02	
2.006E-4	1.20E-01	-4.60E-02	
2.007E-4	1.20E-01	-4.60E-02	
2.008E-4	1.20E-01	-4.60E-02	
2.009E-4	1.20E-01	-4.60E-02	
2.01E-4	1.20E-01	-4.80E-02	
2.011E-4	1.20E-01	-4.60E-02	
2.012E-4	1.20E-01	-4.60E-02	
2.013E-4	1.20E-01	-4.40E-02	
2.014E-4	1.20E-01	-4.20E-02	
2.015E-4	1.20E-01	-4.20E-02	
2.016E-4	1.20E-01	-4.20E-02	
2.017E-4	1.20E-01	-4.20E-02	
2.018E-4	1.20E-01	-4.20E-02	
2.019E-4	1.60E-01	-4.20E-02	
2.02E-4	1.60E-01	-4.40E-02	
2.021E-4	1.20E-01	-4.60E-02	
2.022E-4	1.20E-01	-4.60E-02	
2.023E-4	1.20E-01	-4.60E-02	
2.024E-4	1.20E-01	-4.60E-02	
2.025E-4	1.20E-01	-4.60E-02	
2.026E-4	1.20E-01	-4.80E-02	
2.027E-4	1.20E-01	-4.80E-02	
2.028E-4	1.20E-01	-5.00E-02	
2.029E-4	1.20E-01	-5.00E-02	
2.03E-4	1.20E-01	-5.00E-02	
2.031E-4	1.60E-01	-5.00E-02	
2.032E-4	1.60E-01	-5.00E-02	
2.033E-4	1.60E-01	-4.80E-02	
2.034E-4	1.20E-01	-4.60E-02	
2.035E-4	1.60E-01	-4.60E-02	
2.036E-4	1.60E-01	-4.40E-02	
2.037E-4	1.60E-01	-4.40E-02	
2.038E-4	1.20E-01	-4.40E-02	
2.039E-4	1.20E-01	-4.60E-02	
2.04E-4	1.60E-01	-4.60E-02	
2.041E-4	1.20E-01	-4.80E-02	
2.042E-4	1.60E-01	-4.80E-02	
2.043E-4	1.60E-01	-5.00E-02	
2.044E-4	1.20E-01	-5.00E-02	
2.045E-4	1.60E-01	-5.00E-02	
